Guest
18749072280
15037403789
18638385651
18736898997
13721853035
13837022317
15139492380
15836971332
13525148547
15224767055
13569944550
15936699446
15703978981
13782798526
13333889936
13703775501
18737033445
13783930698
18637329656
15837107917
15090503800
xuyuan
wuyaofeng
15890341957
13525811951
15837953426
13253700188
15537912438
13393866656
15649911633
13598438762
13137011258
15893524005
13939761686
13569357194
15539183919
wanghongyuan
xuyan
15939968532
liuchuangchuang
zhaojianshe
zhaocuan
18749511259
wangzhenkun
13603707315
13323758298
13462436959
18903915693
13233723781
13213262928
15090091655
13523915997
13803769489
18749578973
15037597173
15039757565
dengxinya
13083870006
15093931750
18736867525
15839718789
15037258235
15039940069
13937725465
13700751409
13203932988
15738717489
18238195253
13283740661
13903817304
18238099450
13663738084
18530602361
18639572336
xielinqing
15937502652
15203953827
13137309577
13243369730
18768992838
shangbin
18637498392
18537094139
13014695269
15903933905
15937020128
15938731389
13526306670
15238111828
18236143261
18336971119
13027560725
13193627909
13837896590
13462935533
13676941182
tangxuelei
songpeng-001
13462759649
yangyan-001
13623748213
zhouzhengwei
15138825823
15603917941
15226128704
15238744438
13569288556
qiuzheng-001
13949729619
18239718780
15837650688
13017613195
13525355662
15903656635
13937067679
gaoyunfei
13592358948
wangjia-001
18736046829
13419983670
15188263335
13782838051
15090678133
liucaiqin
13569047910
pengliyun
15893323007
15225240081
13723175291
15637052820
13598677983
liangjingru
18838583531
13603825323
huangqian
liuliqing
pengtao
18037592786
15139763325
15978699596
15139189238
15639380121
zhaoheng
15037453515
houjianghong
18236620315
daixufeng
13460958471
wangxiaoyu
18737236015
shendanhui
13137791483
13937481850
13939984996
15803704425
18236709783
chenjun
13525438900
18338932930
13937737493
lipeng-002
13937240256
15638123620
18638810981
15939322285
18530552789
15393767617
13839712905
weitao
lilulu
15937991062
13083818915
wangruifei
18638951116
13937314164
15936372228
13703424318
maoyanan
15839283743
15638675832
15514943543
15565168003
15836822626
xiejiayang
lihaixia-002
13603715821
mayan-001
13461912157
zhuyongjie
15803913394
13569243721
15083087843
zhaozhiyong
13253021998
18348441633
13663878212
18638585308
15036792107
15093865581
chenguili
liumengjun
liujing-001
zhangxin-002
18236781362
liuyuanyuan-001
15226158526
houchan
18939256109
xiongyan-001
18240691263
18937025136
18738635188
13193532448
13323807832
15003858076
18903996945
13461723795
15836469257
13839506934
13782048568
18239343729
13069592067
15037304411
15836142635
13939685585
huheting
15137097014
15138005088
13849337732
13613749034
18838773309
wangdan-001
13703914346
weishuo
13460684729
15537665010
15939520329
13569009552
13937463838
wanzhenhua
liuyingying
15090186571
18238476311
13939161085
18037726638
zhaowei-001
15039503458
13523167026
13343825361
wangbotao
13071792649
yangna-001
15837278099
18739372271
13849139333
liusong
13323751312
15224971769
15903700645
13643898038
15539716188
15333951034
zhaowenyan
15837626153
18839940006
13733977714
15137091751
13273969866
wangjian-001
18336259892
13781808636
13033729155
liulan
luomin
13839527678
fanxiaoyan
15136802266
13639679367
wujinxiang
13203971903
13346875799
cuirui
heshuaishuai
13513759412
15839335630
18703956886
13598612552
13849166308
13253826909
13643901049
15237313334
15836499883
zhengguohong
guowei-002
13271436768
13849720696
13526952799
13723100169
13273070128
13223941218
13513853908
13781573803
15670150977
15249754118
13703967296
jinyanmin
13523633766
shangfenhong
13233757320
13333762998
15939331741
18539011853
13721773267
15936208680
18336279186
13839846899
15637200073
13213923178
15136815367
jiaoyongxing
wangchongbo
15225371992
15137596167
18538105770
13613747468
18939360407
13072681371
13203747818
13513947099
18238035866
zhanghongxiu
15538668775
chenchen
15239301508
13721432108
15837088923
18537718884
15238354222
wanglei-004
15516381006
15936401298
13525293899
13849207759
13607614824
13839785497
13673069958
18236226162
13525536898
kongyunxia-001
13403706888
13403822624
15994148648
wangdongxu
fusibao
13569108115
13613838069
18623876832
18937216711
18537293391
15982196536
wangjiaojiao
13643882441
13603906810
13513943558
13633748373
13030322303
13937783497
15890475799
yuanshike
xingyan
15993937858
18736826289
15837596279
13838883865
13462787195
13938306952
13064408865
15993381628
18637918589
15515947602
15713877795
13523999473
13603773281
13663799782
15136529278
gongjue
15937002378
15994043989
13633748175
15936651485
18503948625
15838475762
guyanping
15617998900
15603866721
15093993879
15249757686
13783800968
18637248577
xiena
15936682431
13838034372
15938450420
15303913011
15003952724
15083256865
15226143856
18638372473
13703442121
13781847592
zhaojianping-001
15738724643
13663066571
15103797126
18790795841
shiwenli
18237130697
18736376483
15837098527
13703489320
13938596323
13949807096
13526124823
qiuhaitao
13460819508
13303891140
chenhuijie
lifangyuan
maming
15838500968
18703630623
15838558683
13949727356
13526995362
15225662150
18039351333
18339518813
13733694087
13525235209
15617279390
lichen
15939332384
zhangliping
13613726849
zhangguangchao
18336979616
18137246408
guojunjing
18530512627
15237489938
15836992883
15090297062
13239961886
liqichao
15716384249
13937507415
15978397197
13283936768
13721785366
13461168858
18637498373
15239363987
18738151837
18337456578
zhangruina
liucuiping
13838415123
15837099089
15565207786
hechangyu
13033863614
18863517135
chenxiaohong
lichao-004
13213927051
15303946048
13461619161
13623951728
sunminhui
13937274047
13782369667
13781532728
13525627822
zhaosasa
18003724874
13949542673
18567170099
13523096838
13849670907
15039377723
18237588900
13525970898
18037268999
13598450429
xuguosen
13523328004
15037436930
13838796924
15896884750
15736982696
liujuan
15738700421
15890947235
15837665188
15539136053
13523722171
13683951605
13460700625
13283843122
18697707785
18738856300
13343787588
18768998855
13673778062
18336961992
13849409685
zhangxue-001
13939583261
13949994193
13937129558
13569439816
15039781465
13525673962
15938808060
18749416788
13693983693
13938698017
15237973667
13525920739
18738722008
13838179761
15890226558
13592608215
dujuan
15803726335
15839314356
jianghemiao
15037189786
15039723532
13783893806
dingxiaoyan
13683977073
15737068347
13253382692
13949545846
18903957806
13603488205
15737191209
18237745120
15537203212
15138467105
13939387105
13673743725
13949513183
18736695199
13383921285
15138113321
13623728239
15738076838
13461836260
wubo
15515235171
18639068247
15537267683
15203757559
15893266330
18537247628
15039346936
18537299389
15238574610
15994111917
15993380977
15837012355
15839501572
13849772302
15003778174
13598296432
13643818459
13598513655
13839420272
18537623136
15346339821
13343724959
zhaohuihui
13569934788
18637736192
liyake
15290052388
15236321175
xinxin
18211791795
13623981759
13837548821
15090677224
zhaobeibei
leigenbo
suncheng
15939343844
15139788573
18639797114
13937770101
13673062123
15236411154
13939389710
13271210559
mateng
15837256010
zhaoxiaopeng
15083276657
15836332861
15638651939
limeiling
15137028111
13523304968
13949612680
18238081781
13673067745
13837021104
15516024185
aifang
15938303859
18103969985
15039569792
13598150737
13137437282
15236826245
13461228178
15137672096
leihonglei
15893220463
wangchenxuan
15938887328
18003724595
18637841411
15936457429
pandeng
15936613562
fengaihua
wangbin-002
15839872545
15539322923
18539005208
guoting-001
13937219141
15093936607
gaochaoyang
13633899441
linping
13140627533
15225821575
15544444897
18537399369
18003935992
wangfengtian
13783979140
18737113476
lushiji
fanruina
zhanghan-002
13839584926
liuyuanyuan
18537677599
13409467772
biyanhong
15003979308
13783835071
13523897298
15638099964
13781229138
13838891202
18737319063
15939882188
15837778971
13949637881
13569222576
15083161721
13782293952
18037286881
15518870726
15993807978
15188423109
18937415279
13783282303
15238232632
13733978097
huxiaoyun
15837412104
guochunyan
13937994295
13503728793
15237791320
suruina
wanglihua
13939957328
13837297840
15937037352
13526526714
13346657643
shenwang
15890752580
15839890863
13781836558
liyongge
13592295231
18790173092
15890543399
niuguanglin
18439310918
18037605675
13461935130
hansongqiang
13525056055
15603741502
15083064479
13213906226
13137765297
13849567345
13803874952
15993597217
13243015229
13603433338
15993818972
zhouhongyu
zhaojia-002
jiaodongliang
18224556150
hehongxia
13683919797
15838568279
15037352399
13781329421
13849941206
13183333123
18736722592
13839893016
13839336800
13783868158
15136936255
18537278595
18530820379
18538389550
dongyan
13064416919
13523658837
13525253219
cuiwei-001
15617166300
13592036004
13525685518
15938494504
13783857594
13623858377
13462527775
hanfengyun
mixia
18438818811
15893596684
13939931165
15896589607
duhongqi-001
13523008838
zhangxuehui
bailu
13837289521
zhaoyanhong
cheyangyang
15090596015
13783114418
yangli-001
15939378467
zhanghuimin
15238571369
liushuiying
libin-003
15236017727
15518899775
caojingfang
13849730013
13663957886
13949416720
13525973608
fangjixiang
15670016308
13333970303
15038918062
13782047157
huanghufeng
tangmeng
zhangruimin
15893889593
13733121380
18737047333
15837406384
15082910056
chenchaoshuai
15090147085
13938553956
18003955027
apptest
15539576239
18037605691
15836433556
15537770168
zhuxiaohui
lifuqian
liuyafei
13783338886
15290219695
13409423816
13837268413
18639329077
liyang
13513728716
liwei-003
zhangkai-002
13939812350
madandan
13525895565
13700730583
18137011029
15139506271
13409337812
15537201063
13782226228
13523671668
liuxiandang
13663949031
15037842890
13569276858
13598291458
yuerong
15036395918
15038430555
15837258125
13525669197
13839176075
luliang
fanlin
18736571376
13462900097
15993535729
13613932456
13633998192
13523257131
15083068449
13838750277
zhuhedan
15225482980
wanghongxia
fanxitao
15136134200
13673540180
18303620896
zhangyuanyuan-002
15503923297
13623994475
15037778568
wangxu-001
wangshuang-001
13693749767
15037777345
15239430688
18903758802
15690899983
huangxiaojing
gaohanxing
zhangpingju
liyu-002
wanzhen-001
lusenjia
13569021646
15839615701
wangfu
15503775763
15037375988
15638679311
liyanyan
13937932928
13837280108
13721846856
13193536964
13663774303
qiuxu-001
18937544667
zhangyan-001
15993141108
15617366194
18537704266
18203897758
tiancaihong
13837028911
13623775125
limuzheng
15836089576
13064423452
xuyanan
shsj
15503878066
13839951368
wanglu-002
15539501562
18338666211
15036766783
dingsuli
15637570117
13213839108
15238902570
caoliqin
13738186971
renbingzhi
13333816972
13838928446
15637700786
13937263057
jiayanmin
15138568101
13462596993
baolinlin
zhangjunfeng-001
13837536693
liubaoshen
wanglu
13262006198
muxiaoli
13598290480
15936125317
15993816924
13526877611
liufanghua
13849974236
13373713312
15670688353
wangwendong
18749512528
13273780866
18537009550
13513764081
13633710175
wanghuiyong
18338003699
pengxin
13663978193
13939354888
13938548696
15903971696
15978302878
18903906567
zhangshaohua
zhangjialin
13949543261
15838833911
13603467222
18736765690
18236508516
18903906761
18303767885
yueru
15225857664
13213334822
13803974855
15038925395
13333642899
sunxuekai
lixiaoli
18738298842
18736189311
18939302108
13203939215
13503899077
15039671868
15538901940
18336674802
15936136759
15803736213
13949487779
15090186060
15038687240
13513722180
13503723283
15939076922
13273769425
13782510194
hanjingjing
yanzhiling
15565000074
18937246715
15225784798
qiaosa
13783214438
15838920308
13639651262
15938395972
fengyanli
13949302587
13838236944
sujiwei
18937767731
15037368338
15936760792
15703708967
15738223181
13939986559
liluwen
13333933326
yanglei-001
13723013898
18211616819
lixinya
xiaochangshui
guowen-001
15037818558
18638018130
15993008004
zhangzhe
guopeiyun
13569516287
18739007971
13949401709
13849520581
pangwenhua
13083859674
15839816274
15516003831
18937799566
15037431783
13525766375
18603743675
18768991837
13137834269
18736686072
lidehua
15838899143
13523992648
15837275159
13782676693
15136562714
15838490909
13781679609
15093997197
18039205630
13303770528
15239444909
18638486121
13213892876
guoweifeng
15539926646
yanhongsheng
13569015483
13233979070
xingwenguang
15290950315
dengchaopin
yangchen
15290865153
18637764767
13938689766
chennannan
13938477817
15837685078
13608656583
13592290299
15890786765
13653750022
13592509005
15890454025
13721426554
13014533028
jiaweifeng
liangguang
13069410410
18695975271
13603881316
18337637236
15137495500
18937216668
18737346173
18338261203
18236223381
fengdazhi
13838353357
15544372050
15738379233
wangcui
18738156793
15224875398
13938508059
15515666901
15333978173
18272789567
13703458695
15225980220
15565470073
15518879247
18239652638
15203895029
15938804889
18638086793
18537932064
13849259900
15136168981
15225078826
zhangcaixia
15838139337
15978612281
18638312580
18749027298
15837747821
suqingchuang
13295031177
15225707377
18603906920
13569177287
guanchangqing
fenglina
13937207286
yangbaoxia
13598759885
13783372225
15837131439
18937886319
liuli-001
13837517813
18237510161
13849871971
15538282765
13203899811
13569234299
13837046776
13523189200
15139052921
huangfei
13838629579
15539111443
13071799958
13663063220
15688102225
13781384836
15236414567
13598751897
13323797768
danghuajie
15139159500
13513989113
13781360088
13782011163
13592166865
13838717665
15037990578
chenyuanyuan
18637785580
13403929996
13703870115
13643873673
15670066766
13733862278
13782479222
18625355525
15601902798
15226129531
13837009204
zhaoruiping
13849776799
15238772066
13461713718
13653844259
15565779359
18239788183
13838961737
18538383252
13623788045
13592413308
tpy4
liuhuizi
zhangyuxia-002
18537205279
18003765605
13462276389
15837668208
13703703919
13503798521
13782186187
18272866327
13781364828
13598799287
15093856310
18238487791
13513931627
13460435811
15093748171
13939399589
yanenliang
15893373200
houchenliang
15036526900
15738308685
13673458441
18637252776
13949272634
13733120340
15514286764
lishuai
chengqiuju
15237317440
13598403008
18626648713
fengya
15896800556
15515239401
baimenglan
13781523755
13592361939
18637235917
13608643114
wangli
15538561620
15138042811
15890207937
13837456143
wangweiping
sunjunjie
13949451088
13837242184
13949479078
13939586598
wangdan
15137241479
13633898087
15893539530
18238571097
13938301625
15039376885
zhanglong-002
liuguang
15839187244
15037068165
18236136636
18739130884
15238652420
zhouxinhui
gaochong
15639500984
15225536545
xiaomingyu
15936015209
15824880843
18438711386
15139021621
15137438996
18137599910
13140438568
18790810202
15090604555
13939683850
15688122057
13903769095
18239254916
18039255508
15839074735
15939979288
yilin
15978333074
chenying-001
13598346583
13526193554
15937564392
13937438222
13703857760
13183305810
18134779318
13639832877
18203898069
15517981129
18240532076
13783693364
18238498862
13937813904
zhanghuiqin
13938187772
13513742832
13526085181
13949868762
liquanli
15937952984
18339407698
18103989712
13849217456
15936198809
15936885049
18211852955
13213912929
duanpengfei
niulingyun
13569934865
15038734380
13938822713
15936416652
wuchenguang
18240776768
15938394366
15839028592
13203765230
13083682751
18039300703
13525801393
jianhaitao
cuibinbin
13939376517
13083635852
13598986389
15516468960
13353698167
dulei
18539638967
13937235424
15515034123
13629878826
13849038490
dingguanhui
13939479302
15690706533
15893839280
13783866595
18639273335
fanshuangshuang
13592138133
13569876451
18702956034
18937577803
15637261870
18790183030
18338626106
liushufeng
15638580077
18637955244
15837916096
13523971670
15837435359
15237250967
15137487251
yuaixi
15637510685
13007511015
15036243041
15837180838
15503797149
15090257529
13782136635
13693987238
15239060740
15038533106
15538393233
13939123686
18637277248
jiaoyujin
15517370432
13323783152
13949663111
13569735500
15039823697
18625581591
15001996879
15343794067
wanghelong
18239373186
13733916643
18348171712
shangguane
18790510528
18737309659
15896921119
13323906816
13939628777
15518823295
louge
13782466919
13837862220
13782999829
13939783310
13673567118
yanlichao
wangshuai
zhangpingli-001
13782911368
lile-001
renxiaoning
15238641875
15539732002
13937472192
18539539338
13783853092
13213383182
15603776193
13525313632
15839894080
15936967587
zhaoshenghui
15978586198
13623973183
13937292784
13903787009
18939294277
13782486849
13569441982
13603761646
15249631543
15837884561
18639262633
shiyanfang
15937873915
18937295660
tonglei
15837284100
13598136084
13939290105
15225265695
13461696458
13271767471
15911099873
15333972100
13939150583
18337383665
15038711643
13949264135
13839826334
13033781978
18237153058
wangzhongyue
13643886233
13754401689
13837982805
15937383700
18137503749
18037605687
13663015656
13526089311
13837292790
13837464032
13939223331
15517388950
liuhaili-001
lihongde
weixia-001
jiangshasha
15664376188
13781062680
15149668136
chenchunyan
13462557129
15637741656
18530651582
18037089100
18738200608
13592514488
15037734291
13598791236
13592107971
18637675876
liangzhangcheng
15565575585
15637598548
13839776070
13703495448
liuzhenli
zhaochao
18037433499
13837212554
18739485720
13592364268
13643984682
15837102928
13409292578
13938245753
13937870736
15837740214
15239361135
18238583066
15836383237
housen
18238585326
18736961335
13783408313
13782917523
fengshuai
15003797653
lihuiting
13703472891
15837985313
15225791883
15837661138
13507663429
hewenjie
13525255802
13838712091
15090064392
15038184856
13849137218
huangjing-002
18736496612
13525999986
15137480268
zhanglijun-001
13043965900
15036222247
15938820672
wangyanan
15203878159
13837324028
wangping-001
15238528890
15939904867
15239301554
15937400815
13782343719
13839301084
13598397978
niuhonglin
yuanyiyi
15037588979
13949972786
18537333707
13939897017
15236795500
18103989735
18623991060
songshuguo
13837002002
yanmin
yangfeng
15937354140
15903007241
18336433910
15093651290
13700839174
15994047368
15893077692
18555026470
houkexia
likai-003
15346253858
13295985092
15003842007
13723054068
zhanglong-001
sujunpeng
13663824668
15893036303
lihaopeng
15617083089
15037381659
13939059439
zhangli-001
18768985623
18790359656
liangfenfen
18695877917
wangxingwu
13137152321
18348370702
13525379717
13523427969
tianjie
zhangtingting
13838774035
18530083002
15938018971
15836666269
zhuyongchun
13213064587
15238313036
13837898119
lipingjun
15836696560
18538536868
15515518675
zhengxiangyang
13783792778
15083407383
wangyuchuan
13838555168
13569004843
sundongliang
liyi-003
13072632369
tongjianbin
liudonghua
ranaijun
15090504747
gengyuxing
13103693926
15036065884
18739136670
15517581567
maxuemei
13782094309
liqiang
15838786787
15890127060
18153078102
15729348531
15225970979
15037753756
15838786790
housuzhen
13781521312
13837716048
zhangyucong
13783080800
13781023579
18239538350
15239575035
duanyongcheng
wenqiaoqiao
jiangge
13623773003
15093730625
15839565199
13137705547
zhaocaili
15838244133
13639855550
18790904535
18303651360
zhuguanghui
13837347201
zhaomingyuan
liulei
13939553073
lihongming-001
18003932978
18736633630
13939596225
15037368925
15037257137
zhangli
hechangqing
15093381351
13683737061
15839229559
15565480755
13782737025
13608676136
15225968334
18339398585
15993998159
15093953605
13103663694
wangyizhu
xuang
13939163561
guolong
zhoushentao
13526113842
xinying
xujuan
15236628336
13761712251
13938260950
liqina
15839891042
licaihong
15603951308
menghewei
13782663096
13183193980
13839947444
zhaoxinzhi
15670405819
15803955826
baoxigui
tancong
changjiang
18737988734
13193874518
18317721686
13373725785
18638896558
18737383623
15036352212
13403901942
zhangsong
15737180168
15139597263
15939502195
wangmengjia
fenghuimin
15839897012
13623870957
15136128185
15539375351
13608423357
13461710389
tianmeng
15333877713
wangchunfang
moshenghui
tianhongmin
15839526565
15836076679
13937213175
15824844733
zhangkun-001
18736280793
liqingyuan
13838916781
13838417987
zhanghan-001
liupeipei
15896633593
15090331521
13837625775
13938806056
13083768860
lijun-001
guojun
zhangyansheng
13193970506
13781326711
lixiaolin
13523231405
zhengfangfang
cuiguixia
caoliangyu
15993943613
13938685196
shengnan
zhangxu
13803834725
13938701036
fengjianlong
liuhouquan
13461378868
15226194450
gaozhen
lihongxia
15139594567
13849257978
18039126568
gongjin
13938700799
13839093614
liujia-002
13939557718
13608499926
15237312747
13693885815
13837299737
15649165393
fengbin
15713692567
xx-yingyun04
hushanshan
13903915229
15838283489
18837232615
13525948402
15537377052
18238667867
18238650506
13460479088
15978623493
13333732213
15993005185
xuting
13721724649
13839168971
13523237854
15638528502
18538128321
15137101377
13633867854
13838200530
13303729970
15517137581
18039535556
15225935244
13783131393
13939961568
13592383293
13569052376
13460972988
qingang
tuyong
13703923290
18637210855
15903900011
18637085355
15890124577
13290776913
15938681089
18238553131
13939048389
18337174994
malihua-001
18348067620
13903877727
liutongchu
shilei
18037679553
15978582306
15836313453
13782049476
15637580882
liupengfei
13346833336
15716633974
15937772003
15896830685
xiaobin
15090176651
wangbei
13937023332
liuhua-001
fanrongrong
jinyumin
13592207268
13513910659
15237383805
15515282049
wangyong
13271387626
15737758813
15103756917
18339837862
wangchenyu
13613925026
15036625279
13503442925
13849561712
13839915686
xueyuan
13938956812
sunlingling
13598731892
15837558511
lixiaodong
13014772078
18239497744
wangshuzhong
13673327856
songchaohui
15824616477
13598795159
18338857236
13849852706
13569044131
zhouyangsheng
13084261198
18838200070
13781673923
15936081756
13673522407
13839077960
18237736423
18211881692
15037967116
18623976927
shiyujuan
15836127261
qianyifang
houjunfeng
13083753569
13837649297
lumingtao
13598548189
18338122601
18039597296
15903069071
libeibei
13937220835
13598390365
15638781715
13619874914
15136200326
tvhd
15138764296
13084208076
13462689693
siyanan
18339225352
15036681073
13526208106
13723023629
13723171479
13683958611
13569806736
weiwei
15639125874
18749499591
zhangchunli-001
13592189828
18224570581
13903899992
13037521194
wangyingying
15993084801
13673745223
15518596899
13526186699
15038655318
15903886289
15617522148
18530521553
15939508981
18937708509
13183330379
18338931722
13333768825
13703802499
wangjungang
13723215813
fengyan
15836410102
13353639027
15637148003
15237127499
18439572075
xuemanjun
sunman
wangjinhua
13849182034
18437203243
15939040336
13383927878
13592057020
13592194476
13323720197
15738764568
18239957288
15237677937
13673589926
zhangyi-002
18903862759
13569654499
liuxiaolan
13460824677
15203730983
18239753923
13598741012
13938260609
13939989086
18790164761
zhangweibing
13462291723
13253052217
15836321889
18625980707
15937442648
13939729592
15637586099
xingchangfa
15565647114
15839293195
13383922278
songyuanhong
15738280879
18240778291
18037397836
13419983339
13849006239
15037108913
13526466520
13569601931
15236698518
15537881124
gaomin
15139053552
13148269973
wangxianli-001
13783039697
15639168391
13333764822
18336678665
13783174866
13513759761
huanglu
13938564648
15303957001
zhuyaohui
jiawenbo
15515623743
15139235811
15544345595
13663903820
xuejuntao
18300726779
lichao-003
15936512789
15893848807
liuyan
15838577703
18939672800
wangbaoguo
13938230168
13083802129
13103727076
liguoqiang
lihongxia-001
fushixin
15978461850
huangrong
wangxiaolian
songfang-001
15138607562
13017609601
zhangyuzhong
15618633179
15237178983
15294685411
13203920455
15516269255
18738302195
13783381577
zhuxiaoliang
gaoyuanchao
13903759073
songzheng
15538197665
15736724498
15565684855
15617879623
tangxiaohui
13569098540
louyuanxin
13839917199
jinlina
zhanghao
18530912969
15688188965
13937754777
18737613536
13703941119
15238705119
13938536530
13243286215
yanlijuan
13903784189
15839348629
lishenghong
13137277745
15090667333
13183132919
18838175269
15236478778
13673515103
18339926948
liuyanhong
13460912318
wangxiaofan
13323620755
15139099328
15639766108
18639581600
18103966985
13782118830
15039143261
zhangzhiqiang
15824773557
18639656992
13619865501
13693753358
yuansong
13525322565
13213522854
15544352952
lilei-005
18503805095
15638851925
15039050525
18697355735
15003975518
15038102221
15937391150
13613865728
13140110188
15514831960
13014772075
18438533582
18438533582