Guest
zhaohengyi
chenxiaohong
13782855581
18790622937
13837673667
18137246408
xutingyong
15036065884
13782798526
13598438762
15639310582
15639186628
18736765690
jinyanmin
zhangzhiqiang
18037592786
13663878212
lijinjin
nielijuan
jinlina
13346654857
13526306670
15517967801
15039766985
wangjin-002
yangfeng
18537704266
qianyifang
15303873096
fusibao
15139618137
lilulu
18303935083
13607614824
15893839280
13837291697
fuweican
13663039065
mengjingya
15226185077
majiangtao
zhaoyongjun
tianjie
13462250653
13703489320
13273706982
hushanshan
xiongyan-001
13903897618
13526800813
13419886918
yanhongsheng
dongyunpeng
13937309148
18037089100
15890484615
15824773557
13938764808
15343739839
lilei-005
18637329656
15039723532
liulixia
zhaoyuan
zhenghongyan
15203953827
likaihong
13837191359
wangxiaoyu
13460972988
18239953505
hansongqiang
18737856630
15290872218
15639905283
18738502470
13523040312
13526133464
13462569298
zhangjialin
chenhuijie
15039762069
15993951311
lixiaodong
13937337249
wangling-003
15824844733
13373734208
xuyaowei
lihaopeng
yandonglin
15518637993
13937770101
13203971903
18638686561
zhaojianping-001
18790670266
yinxiaoxia
13014751370
15839816274
13839966782
13419872864
13837352544
18638844786
13603773281
15560155878
13460700625
18537623136
13937292784
13903817304
longdong
luzhongling
18337637236
13949354170
15936512789
liuyaoming
15139506271
15903079859
15837388230
13569944550
18838200070
13783089168
13569786366
15503868610
15839348629
13271016656
18937025136
13462787195
13939150583
15896627875
15238571369
15738700421
13462871951
malihua-001
13461029811
lichao-004
18937216711
13783127987
18237079190
zhangxuehui
13525627822
liqingyuan
13837456143
shiyujuan
18637904519
15237312747
13030326568
15838568279
cheyangyang
yanenliang
15896576572
15188596396
zhaoxiaopeng
15838928458
15003797653
13137030817
13781684572
gaochong
13592057020
18939699896
15836142635
duanyongcheng
13837328164
15903656635
shixu-001
13781532728
zhuyaoling
18739577653
18336971119
13140000638
15294852812
15837278099
18738376179
liujiumei
15617150253
18697795486
wangyong
13838200530
13148218111
lijingsong
15670561796
cuirui
13523257131
fengaihua
13723013898
13783979140
18736898997
wangjia-001
18625951534
18790284774
13837898119
18639855937
13838639549
13203899811
18937544667
13838163717
13603761646
15039757565
shaoyinqing
15839283743
15294857997
13193532448
15839074735
15637398066
13403737774
13592166865
tianwei
13598759885
18037605675
13938701036
xujing-001
15236641296
chengli-001
15896968921
18603738069
15839157748
18736868129
weishuo
15837107917
15517977332
wangyan-005
zhaozihui
18237057307
yangli-001
13781384836
liuhuizi
18135628386
15238528890
13569061195
13033771566
18637320816
13782838051
zhangjunfeng-001
13503797422
18137900973
zhangguangchao
15637950675
wangfang
jiangshasha
13069475089
18537923795
13723166005
15537909559
13673522407
15093381351
13643882441
15639553782
liurong-001
13849651977
13253382692
13071040005
15670538887
13598346583
zhanghuimin
13837212554
15093943522
guojunjing
13137516877
13523939280
wangwenlu
13598150737
15836377222
15981825119
yuanwenping
18237051515
wushaokui
13937276135
13673338201
wanglixin
13598026233
13733156375
15037679916
15137097014
liucuiping
15939968532
yichenhong
18937378996
13783608528
15637052820
18238910022
15565009137
baihuiwen
13803991558
qiuhaitao
15538206777
13233982437
15036792107
13939700344
13939473533
15909681507
13598731892
13603822277
yanzhiling
dengxinya
18338932930
18736046829
15136033343
18837378989
wangyizhu
chenyingwei
huangqian
13837248810
panhongbo
18568251725
13323807832
13938613089
zhouweiping
15517666397
15936733576
15836076679
chenchunyan
15937020128
15936208680
15638879713
13014778811
liusong
15838075668
jiaodongliang
15237406850
15836822626
13849971394
15093098757
15138966480
18237301255
13569357194
18637344422
15713947817
zhangyuxia-002
13781929235
18236721771
18625683311
lipei-002
13403787552
15837375487
wangdan-001
13937872178
18739466588
15836332861
jinjing
18638585308
wanglei-004
15290052388
15937385243
13526877611
13753929270
15138927074
13803874952
15537092332
13569012916
18638018130
15716633974
13633737827
15090277933
13183117477
wangdongyang
15803849313
13707670560
13693792824
zhanghao
13783866595
18738156793
13783800968
18939256109
13783066930
15090188613
15836499883
jieli
15836334796
15836932471
muxiaoli-001
13937263057
liyue
15237136739
guoruili
15003858076
15993008004
zhangliping
13938899775
13525762223
18937922913
15824880843
18790645600
13462759649
liuying-001
15837954396
15093997197
13633789643
liuxinxin
18537094139
18638869913
13569544262
15225821575
dingguanhui
13513933876
18538128321
15139584902
18749559919
gaochaoyang
13683852149
pengtao
18903957806
15936758728
maoyanan
15537058830
mayan-001
15737077890
chengqi
15136269850
chenying-001
18317519891
18638010897
18638810981
13526526714
chenhong
18567170099
18530815100
zhangliying
13598291458
13838000673
lili-007
zhuhaijun-001
13939399579
15839597075
zhuyanhong
haomengyu
13409221213
13373725785
zhuguanghui
kongyanmin
18103969985
dingnan
13937938165
15537351809
zhangshuhua
weixia-001
xiaoyuhong
tuyong
18339016872
13839527678
15136782256
13903974408
13939596225
18749120304
18737885850
15137572689
13213181522
houjianghong
13838774035
13837916096
13262197271
liujia-002
18638801957
18300680316
13103792810
13938306952
sunke
15138980409
15936782529
13949729619
weitao
15937308763
13781346786
13613803622
13569322520
shenxiaodong
wangxingwu
18790164761
lijing-001
15303913011
huxiaoyun
zhangxiaopeng-001
13838184061
13783114418
15503775763
13071785902
18837237966
18037291326
zhangdi
13569373365
13243072561
niuguanglin
13939437361
15638197631
13939193206
18037082381
13346875799
mawei
zhaoaiqing
xuzhangning
guohanjun
15136802266
15226158526
15838811800
18237382825
13523096838
wangjian-001
18613736288
tanghanxiao
15038357461
yubing
liuyafei
13462393806
xingwenguang
15249714077
13937274047
15516802067
18339997989
liqina
chenxuefeng
dingxiaoyan
13243076623
13525497545
yuerong
15139556239
13693956585
13673690246
13838416846
lifuqian
13513722180
18348378370
18637085355
liangyujie
15803704425
13939066251
yaotingting
13403706888
15936015209
chenchen
zhangkun-001
13721756156
18530552789
yuanyiyi
13782074373
chenziang
liwei-004
changqing
13523633766
13639651262
13781869181
15083032830
dingsuli
15083288840
15639640871
zhangfan-001
18237319439
13071792649
15036396257
15993053399
18738526554
zhanggaige
leihonglei
13839391071
13663011910
zhaobeibei
lidehua
18539702316
shiyanfang
15514943543
xiaochangshui
13525780250
13525065471
18530251030
15903952700
13838405309
zhanghongyun
15993586408
xiaomingyu
jiangxinfang
liusa
zhangdongfang
zhenghao
fanxiaoyan
13462707799
13323758298
cuiyali
liyang
fuxinjuan
13419892637
13937328437
18937922221
liwan-001
18303890853
13569295606
zhangyuanyuan-002
liping-001
13939957328
liudong
liyaping
18438254728
13938586300
13513759412
15981957750
15515588339
13503885765
18103957677
15836095927
yangna-001
cuibinbin
15236835281
15836803322
13939930930
zhuxiaoyan
shuwenqi
15333877713
xuyanan
huangwei-001
18003935992
15893571505
15937037352
15225078826
13849730013
liangjingru
13781062680
zhangxiangfeng
13030329007
13569192016
18538105770
wangyuchuan
sunminhui
13083899758
13072681371
liushuiying
15516372927
gaohanxing
13937272048
15981852893
13216157188
15093918344
15093993879
15838110636
15036340970
13837505401
18790173092
13569673978
13353830910
13461656865
15239444909
18530083002
15838899143
15937002378
15516136886
zhangkai-002
13783408313
gaowei
15890921379
shenailian
fuxiaoyan
15139912138
cuilingjie
13673540180
huanglu
18137011029
13223777122
13253302875
15290462677
18639572336
18238107902
15516588344
15903858917
18538856778
xuelei
13193536964
15936770568
15286964184
15537905312
zhangyanjie
13598917817
15037368338
xueying-001
guopeiyun
jiazhimin
liulie
13937067679
15137091751
wangjing
15649995721
13603433338
15539386118
zhangpu
13837324028
13849337732
13253008192
jihui
18336961992
15893215824
cailubin
18790365307
18739136670
zhangxiaobo
18237398316
13323675354
15978397197
13849719169
fanchao
15518572687
13373713217
suncheng
13598808216
pangjukui
15517946048
13837982805
rongqin
13353632051
18790976087
zhanghan-002
zhanglei
13663049797
18739655590
15517388950
wangjuan
15237161327
13569799039
18838152779
shizhengyang
13613744882
zhuxiaozhi
18317390819
shaoyange
renxinli
18338210941
15238574610
renguangming
13507680910
13523722171
15836469257
jinyumin
13523992648
15896884750
13103693926
15515694082
qiaosa
15837868791
15936501845
renbingzhi
13703492561
jiaxiao
13783633761
18838598800
13939583261
lizhiqiang-001
18537933305
zhuyongjie
liyuzhou
zhuhedan
15517855343
18538011363
zhulili
jiawenbo
13569177287
18738200608
13526622027
15993937858
15670150977
13525728108
pengxin
lihongxia
xutengyu
wangxianli-001
zhushenghua
suruina
liulina
jinlingling
18739568735
15637935155
13525962035
15838830745
zhaoyonggang
zhaomingwei
15838583929
simengrui
13213822231
13598428478
15836371952
chenxinxin
13461031322
13373710505
15539573050
15893998225
13503469792
guojun
15518859444
zhangpengfei-001
xiejiahui
tengwenxue
15239234657
15539716188
lijun-001
18937246715
xuting-001
15890752580
changqin-001
18790828256
13703470807
13939904231
13782799110
cuiweiqun
13837277305
15936463245
13707625770
renxiaoning
18238999343
15514295303
biyanhong
siyanan
15993535729
15836332597
wangya-001
15544352952
liushaochuan
libin-001
18625657387
xuexiaobing
13071738785
fanlin
13949542673
13462245369
13938567356
fanbing
15346081767
13525719879
15139300593
18530918645
18749499591
chenmiao
15037652656
wangzhongyue
13526995362
13523999473
15978750806
18739829935
qinhaijun
zhouhuali
15137616738
13525821095
zhangyu
chenwan
18939302108
13283938202
xielinqing
13949782205
15837412104
jiyanbing
yanghuimin
huangshangshang
13069581755
18738173038
13939157990
xuexianwei
18623760634
18317721686
15896925306
13939986559
15516024185
15137210502
15037941626
18697707785
15036670580
15803726335
wangcong
13233924149
mabo
fengyanli
13633748373
shengnan
15203895029
jingli-001
chengxuelei
chennannan
liangguang
15237428672
15839315191
13939895590
weizhirong
13938625225
18903906761
15839229559
15896862890
13613905273
13072634499
15290865153
15290642101
13938060637
15137135000
13569516287
13461935130
18537122608
13673702890
15103783552
13462265048
15082945937
15839061837
13523328004
13663957886
15516676684
13598609258
13939910850
18568222508
13937438222
15836952807
13837896590
18839275263
15037856085
niuzengxi
13503955654
13703477220
15138590259
lipingjun
xiayuanchun
15037308550
13837755672
15893097078
xuang
malihuan
zhoujunli
13213927051
18639105241
13837961197
15239363987
liyang-01
15939332384
yanlu
13592036004
baoqingyi
13526661515
chenxiaobin
15290812552
zhouhui
15537267683
15839526565
maliya
18211616819
13253021998
13598553128
yangmingqing
13523509206
15517981129
13849261530
13673341136
13403919094
yangjing-002
fengjianlong
zhangweiyao
15890286638
manana
15239559751
shsj
15838558683
15303797646
15517879222
18637841411
13839312727
18838123797
lipeng
13598795159
15225536545
zhangchi
guanchangqing
18537247628
13783734701
13569549994
13673790081
18530101189
wangdan
18239397395
jiangdongyang
13015508565
18003728118
xueyuan
13462819558
15237317440
18790795841
zhaochang
13592641584
13721759938
13037523205
15713692567
15896571800
13939116378
15838949790
13721724649
13938477817
15836684470
15538574702
15713795257
13569021646
zhangxiumin
13462875597
sunjunjie
15037490173
13849720696
songmi
13598321006
15090091881
15896839704
15637976803
mengxiaocai
zhangbin-002
15514371126
15903069071
chenguili
13271011291
13503885415
15638127550
13140033993
18803799808
13838179761
18143968507
13525970898
15237216041
13603407839
limuzheng
houchan
15838244133
lihan
13723171479
13273780866
like
wupeng
13523304968
13782187409
huangjingya
13569144422
13623725866
13653934504
13839584926
13938260609
13939545831
guoting-001
13938712968
dujuan
kuangheng
18749395522
18739960987
wanghuiping-001
15139501663
15239996761
lixinya
13653908975
wuxianguang
15136711840
13014533028
13849997982
15136110362
13937502585
15237201360
15939039601
18939565556
13523897298
zhaozhiye
13419958381
18695932526
15290028475
15937805476
18537718884
18839940006
18603862793
13949750500
13937737493
13939502767
13838629579
xiaobin
15837565051
18738635188
13673355730
15982196536
yangchen
dongyan
15637202611
15290057348
15039958952
18703630623
lichen
18439657811
13837195818
wangbin-002
fenglianrong
18037679553
15538393233
13253867193
13283953823
13803986475
15139887375
luliang
15836314992
18339712823
13939123686
wangmei
18625679539
13937213175
13838883865
18237827419
13598548189
zhengye
jialuyu
kaiyangyang
13838415123
15516281193
luqing
18567729535
dunwei
yangbaoxia
songchaohui
shixiaoru
13603428546
13939350141
13525235209
liangfenfen
13849418110
shenhao-001
machao
13623981759
13949647771
15238772066
15225980220
13333669299
liyake
18567150619
liangxinxin
wangshuang-001
13333816972
libaorui
18639704441
15836433556
wangboyu
13781505616
15936081687
wangjing-003
15738305521
13323831380
15896858184
18937776358
15890693192
jiangbin
15836294920
huangqiong
wanghaibao
13783807995
wangyihui-001
15890786765
meijing
sundongliang
13569108115
18736722592
taozhen
13323797768
15836546578
18937726911
15037963278
likeke
13937747641
15093497383
18137145569
lijing
niudi
13838457830
15538382978
liuxuanwei
13283843122
zhuxiaohui
13434418178
13837632563
13461777758
15037258235
lixiangfeng
15138271471
zhaojianping
15839335630
15138467105
18137327909
luweiqing
18738189165
15239859877
daichuan
13782756407
wangxue-001
15993373306
zhangge
wuchenguang
13693987238
13183211913
18737033445
tangmeng
wuwenjing
15539183919
zhaohuili
13193935818
baichenyu
lixiangrong
13663731884
15603866721
shenguifang
liubaisheng
ruihuiyun
13137403292
15993887351
15836383237
15138060871
13503740379
13140627533
xucaixia
15939310055
13783840213
weidongyan
miqi
13837888807
15893276906
zhaojia-002
15503771434
13403991850
15903971696
18638628392
13673515103
guoling
15249770202
15936651485
18137635882
13137012888
18738151837
13733121380
13949727619
yumaosen
15539111443
18639703265
15083068148
liudonghua
13837955416
13523487105
18037905536
18736156590
13849565218
18885010759
zhangshubin
huangxiuchen
13033863614
liuyuanyuan-001
13523211024
15039398221
15136330633
13783503577
gaoyanli
13027515571
15515131903
zhaochao
18339483689
15003795133
18937708509
18339518813
fanailing
13781018392
15286952937
18137250795
15225033055
15838183634
jinyan
15737068347
15225921267
15565647114
18939194785
13193964806
13608656583
15518899775
13693906067
chenyang
15225646853
liqiang
13673931554
15537716727
zhuyongchun
sunjiyan
18937886319
13683939817
15839423674
niuhonglin
yuyage
15539136053
zhaohua
13523308344
libeibei
15037189786
18530912969
songwanlu
13783835071
18303729088
liuhailong
13693749767
13937460529
15538886114
15137365064
sunmei
zhangyan
18736686072
wanghejia
lipan
baimenglan
13949868762
18637675876
zhanglu
18240728667
18103957658
15138512588
yangxiaoshuang
15238111828
baiyun
13838152374
15729324383
18737161902
13837978267
bolili
18336738309
13839456279
15938320340
lixiaohong
wangchaonan
wangbaoguo
15716384249
13525095595
18790543700
zhangguiqin
13619833898
15993612432
15039870926
fengyan
zhangzhenlong
yangjing-001
18211709987
13937813904
zanyuna
zhangsong-001
13598864049
18348171712
15637221882
tianmeng
zhangtingting
wangsixi
13526697461
18530227656
15290970189
15139843223
15638851925
zhangshaohua
18736826289
13592659161
lixiaokai
zhangshuai-002
guoguixian
15837645516
15617879623
13837430848
13513989113
13639688456
zhanglulu
yuzhigang
15939378467
13838363260
15516525308
15286988767
15038711298
yanghuiyan
wangchao
13938523990
18272859391
wangwendong
13839893016
liuzhihong
13462170627
15993322918
xieweiqing
zhangjing-004
15290627848
wangchenyu
13569089630
13937250910
15225500797
18037423688
jianghemiao
18039255508
13383921285
gaoyuanchao
13939896266
15839501572
13938101352
13939130847
13781127216
wangmengjia
15637586099
15993943613
zhangdongjie
15037012110
heqi-001
13838796924
13064416919
15936525977
qinan
13782369667
chenghongyan
13462299860
jiangyanyan
xujian
18739115544
13849137496
15838511681
zhaoyanmei
15803934383
guohuimin-001
13938008196
guoxiaolei
15514162027
13938822713
13462277738
kangshehui
13949268228
15703867076
13676970679
15890042281
15893452440
15937812973
yuexiufang
15516381006
qingang
15037234707
hanjingjing
15517161870
13839168971
15938995051
chongqiuxiang
zhangtiantian-001
15837976076
zhangxian-001
13838652716
15090133100
13343787588
18736189311
15838065800
caojingfang
18790198295
18737236015
yaojianqiang
13837028911
13703703919
15836873339
13460824677
18003935973
15994055886
liutao
fanweiwei
18337387115
liyongge
limeiling
13033937772
weidan
15839293195
13526277318
13271210559
xujuan
lihongxia-001
15737897431
18790708786
15836273009
wangjungang
liuwei
yangxue-001
15039028318
15303946048
zhizunbao
x
13223910047
shenmengqiang
18638951116
madandan
qiuxu-001
jiangwei
13838051801
xiena
15993608761
zuoling
13592698947
13937931336
13253089215
13938954709
13525685518
zhanglin
13503447968
zhouhaiyan
18539638967
15136081811
13592364268
15838596290
13849038490
13613855085
13782999829
13673362602
18790986583
15037993990
13733841697
18236896585
13569544260
13937870736
13623858377
linzeyu
13569117330
zhouxinhui
13462527775
13137635569
15939169998
wangruifei
yaoyinghua
15937502652
15239757169
yanhong
13607644991
15937645093
13663810660
luohui
18338666211
liupengfei
lirui
lifei
13949253583
15637977691
13569955506
xuejin
15837435359
15836084769
13403968573
zhaowenyan
15936217526
zhaoyu-001
13273070128
dengchaopin
13683800000
15565207786
15226111182
shiletian
13938197315
13193970506
13781679609
13607644122
15138609630
15803862298
18039977972
15617279390
15083081848
13598226887
zhoujinti
13343696867
13949487779
15038687240
pengyanlai
15936743681
18338701560
15036395918
shanghaiyan
13849241894
wangwen-001
tpy2
lusenjia
18539005208
13663015656
13782282580
13137811984
13592514488
15837991759
zhaoqiang
13653931638
wuxiaohan
13607627186
18538569130
wangzhike
15896633593
tpy4
13839256303
15936462988
13633822636
13837232565
13203859633
15838475762
13783450360
heruixia
15937601379
guopei
13939042301
18603877326
15538857152
13837138300
13949416720
18537995058
13703941119
15037285805
13523116227
13243286215
18236508516
13783622667
13526907539
13837242184
13937940546
13271117161
15515331862
qiuzheng-001
wuyao
18623706282
13783210418
15670103663
18539918896
danghuajie
13323620755
18637578988
xingjunying
15937574402
18239022725
chenyan-003
13938508059
13663063220
15879164740
15294876822
15937572393
15037371269
18538018544
18236709783
zouwenting
13598633072
15936701810
liqichao
13283948679
13639800196
15237599903
zhangcaixia
18567700751
liweidong
gengyuxing
18638212465
15838920308
13939022184
13653978906
songkejia
huojunpeng
zhangtingting-001
18538563651
13939954836
qiujixin
maqian
13673813115
13838310282
13782676693
15936595104
13383835863
15937362990
huanghufeng
yangjie
15688102225
18736633630
18639592865
15537390855
wangshuzhong
15517371887
18737312522
zhaosasa
13782094309
18625857283
13781836558
zhangpeng-001
lishuai
13838267129
13613907315
13243369730
13273767210
13633708671
13526237001
18037821194
13733862278
liyanyan
pds-yexian01
18939258190
15239542598
wangxiguang-001
wubo
13673458441
15890543399
majingjing
18638934026
xuting
15136815367
13693734972
13462291723
haibei
13253336082
13283000709
tuerling
daiyanmeng
13939984996
15890475799
13938301625
13781661568
yaoyongxian
18738111811
15836061776
13849772302
15738280879
15226124982
13419864722
15938682963
wangfu
13837884562
13938180292
13592212243
13663734959
15537949054
18339415609
15238791396
huheting
15938731389
13676919087
13693883010
aifang
13837280108
13937993789
13937009022
youxuewei
13064423452
wangxiaowei-001
liquanli
13137014029
18537278595
lumenglie
shenchunhe
13203920455
13393921517
15603934946
15938083146
13782479222
15139974578
15993380977
15514823781
15890102420
13837538850
15303815189
18903862759
13781360088
15890661919
13526697682
18937527664
zhangqian
18638896558
13937116458
15837406384
15226129531
zhaomian
18303998066
15838527951
zhaoruiping
15936616897
13817651147
13939762820
jiaweifeng
13839166345
13525698017
13213968023
13849855621
13939048389
wangyingying
15537995063
13525973608
18737113476
13333933326
wuaihua
15090572992
15716665166
13781847592
15093268251
15993998159
18738118006
18236143261
15036508815
liuchuangchuang
13103898898
15239460399
13838984115
18239040777
18625795500
13071776623
13782393479
wangchunfang
15638528502
15537775621
18736867525
13938592726
13673797981
18537205279
18737172409
13673334440
18240710217
15838563775
wangyan-001
15565524852
13271518988
15538567934
15518871878
13783753926
18737583837
linping
18338439788
15538561620
18623757633
18639068247
fengya
15981918403
15090147085
13592572471
wangzeng
15886755709
13633947570
weiyanbing
15993129019
maqingdang
13592413308
13676926257
13193514566
18738298842
18790510528
15136050528
duweili
13298169363
15137487251
13803720604
18920056881
13137136669
13839776795
13837971200
13598623233
13203747818
13598437535
13939568838
13938525618
18737989569
13653844259
zhuhongyang
chenshuang
15138793832
15837205279
15225461303
18939472997
13619815341
15836551570
18237135175
13525669197
15936471627
wangbinjie
apptest
15138042811
15537201063
18317676298
15937179567
13683993858
13723160097
13569934865
18238582787
15939969581
sangchunxiao
xuchenlong
13084208076
xiesongfang
13849207759
13703420864
18739167923
13782226228
15036730567
13298383267
18637117237
15565575585
18538078952
18703690219
13592156509
15637580882
15203838789
15039337491
18937767731
13353767286
wangxuan
13461140791
13603730548
13839178339
wangchenxuan
15290219695
15893650700
15139185803
15896559221
18737319063
13723222215
18568680682
15938199326
zhaojimin
13663086513
liuyue
niushujie
15937910243
15565000074
liuhuichen
15239114561
fanshuangshuang
15839409690
18637396713
13939645699
13781379366
13849776137
zhaoxinzhi
13303878177
13721426554
15239430688
gaolei-001
18037955755
15893676913
13781573803
13783525045
15537429612
15333978173
13663747869
15237489938
18203897758
18839368234
13723054068
getao
songqian
13243352318
13598325155
test1
13592062095
15237365686
18749232831
13598986389
13693734222
lipeng-002
lile-001
18339763075
songfang-001
13409467772
liuxiandang
15239256128
13461764390
15639777869
15938096164
13837597857
15538875432
15237954571
15836245629
18239373186
13526448405
liulei
15237332575
13839917199
18211665766
15290950315
13592603136
18237381119
15824675826
18738316817
18903789777
18339760300
15893078269
18037605605
18638450383
13526683840
shilei
13633898087
13839336800
18523735611
13700881522
15836157177
15538003267
15893036303
18530512627
13569946675
13603858441
18137195955
13781163596
13525285955
13723161034
guyanping
15303954395
13949827162
lvmengning
15939322285
zhangjiajia-001
13513768865
13774209894
18625581591
13849861960
13213064587
15893296352
15093639958
15936714493
15037818558
18695817095
15036645554
15539501562
13623775125
dinghaixia
15978611213
15893323007
13333691209
15225992613
13140411115
18239091625
15936664036
13603753209
liuyanhong
15838575076
13513924310
15836089576
15936852891
15139102579
konglingsen
15890790440
13838516003
13462237830
18790734095
13140110188
15736982696
13838961737
18039126568
yilin
13598741012
15837872382
13673763373
13409212389
18238678329
18625502268
13949471294
13137829665
15938395972
15837373960
zhangweiwei
18790227129
15237313334
18613736719
liujing-001
13460910031
13253799570
13213522854
liucaiqin
lvjinjian
18737203329
15518323010
13938069361
18439021520
18438229527
13569441982
13503728793
13523427969
18037362165
13569865989
15637510685
15137802853
15237147771
15936911776
15103855327
15938111917
15518287235
13346833336
18037605679
15136653182
13723156130
chenjun
18337305216
18272610688
15837751608
13949663111
13783582918
18348306682
18303627574
wanghaiyu
18238583066
13783131148
15237167062
18937234545
18695922229
wangping
15537986898
13525402749
hejiangnan
13569876451
huafei
zhangxinguo
15039529297
15893566025
13233851989
13781079165
15537793919
15838235512
yuyanqiu
13673418229
lichunxia-001
13462216500
13837299737
13598737354
13663949031
guowei-001
13783679068
13598612552
13693869056
15038759682
15836257859
13673982318
duanpengfei
18530680090
15137020375
13462274027
13525554627
13569976817
15837668208
15893539530
wanghongyuan
15136370996
15249728680
18339038102
18790802865
15503875927
15837131439
wanghuiyong
18037605685
13837360648
daifei
chenying
wanglanyun
13525412922
13643818459
zhouxiaoyan
13781799811
15893763175
zhaosuli
13721656880
hewenjie
15937652631
15838251222
18739143454
18339503930
13525766375
13608407881
13253882236
13939918108
18203898069
15978824222
18838773309
15083305233
15837656636
15238421393
18638387360
15938394366
13781513665
13838083609
weishanyu
13183163965
liqingwei
15238389740
18503813032
15896829441
tianrunpei
15137101377
13839915686
15239989993
15343794067
15729035335
18603757076
13783236885
13603451398
13503798521
13839139066
15937229265
15896560061
sungaoyue
13461309579
18338560617
15838139853
maxiaodi
13633704759
heshuaishuai
13782486849
15839897012
guanjingming
15515947602
18695956865
wangliping
13723123388
18638471196
13838616042
15136128185
13613771558
liziyue
13525536898
15649362830
15939097354
13569434834
18837973058
wangxiaowei
13087014705
zhuxiang
guohongxuan
13525871802
18937708517
15565480755
15039529359
lvxiaoyan
15036580080
lili-001
liyu-002
15838834450
18236907495
18337465738
guoyuxiang
18739470566
sunyawei
13592138133
15038767360
15136237344
13592555765
13603985506
18738722008
15893848807
15083360195
18703639667
yangfangxun
zhaoshenghui
fuwenlong
zhanglong-001
15827171826
15939139318
13683906653
15936896159
18603871407
13513782875
hechangqing
13137501969
13598677983
13849974236
songyuanhong
niulingyun
yefujun
18338372661
hanyulong
wangjin
hanyanhong
18637210855
liuyan
lihong
zhaodandan
wanzhenhua
lilisha
hezhiyong
15638651939
15537270963
18239828660
zhangyucong
xiaya
15039781465
lixiaomeng
15890819269
wujing
15839695543
mashuai
chenyun-001
13673062123
15838283489
zhangxiaoyan
zhongxun
liupeipei
zhenlingling
15639380121
huangxiaojing
zhanghongxiu
15037753756
chengongyao
zhaoyan
niuwei
15603815561
zhaoyanhong
13783547692
13782215156
gaoqiuyan
15729039356
13939479302
13273020091
18736961335
18838111281
13608674410
13137277745
15236272679
wangjun-002
18239383898
13653831089
caohongxiang
15346253858
13014695269
18503983068
15225809817
xiadonghua
15937641073
zhaocuan
15518263772
13569101715
15093377450
13461955559
15037778568
dulei
zhangyali
15238652420
15837685078
15090000922
13525379717
tongjianbin
15038633865
15103793260
15225482980
15603791177
18637943145
zuoyi
liqiang-001
15038119370
wenqiaoqiao
18237745120
wanghui-001
chengfeng
zhangli-001
fenglina
13849959886
lizhiqiang
zhangyan-001
15037436930
13017609601
18623872812
13693973429
13233766663
18838058227
13215999268
zhaocaili
15638847392
hejiaokun
wangxiaoying
13781521312
15838907600
15538668775
13513760461
15138904034
13938137967
15637129720
15978848085
jutao
housen
13949637881
13083819140
13838854674
13403822624
15637636193
15137331697
15893077692
15237190283
wanglei-001
18337792676
13383922278
15836401262
18790904535
liujia-003
15343977188
13782277347
15993045435
yanlichao
13623994475
13526134444
zhangxin-002
18037758598
15239762960
15738764568
15837511414
menghewei
wanzhen-001
18639604655
13782889725
18838272306
15729256669
18739240918
13525948402
15937391150
18790239223
zhouxiaoyan-001
yangjinwei
13939223331
13513859618
18623830118
18237107936
wangxiaofan
liujunli
13782917523
15137389935
zhouqi
15290214669
15137674851
18790484352
13603906971
15236664174
13461912157
houjianfei
13837002002
15937921254
15838067293
13781861659
13783693364
liuhaitao
zhujiancang
zhangxu
15537373900
cuiwei-001
zhangxiaoqin
14523123257
pandeng
makaidi
changshaohua
15515122859
fanruina
tonglei
18539748070
wanglifang
wangjie-003
13598024156
fengxiaohua
18336333849
15037889450
13673745223
huojianmin
15037120886
13193955656
caopingping
15238909568
15518870256
13072694671
13839274662
18537980665
pengliyun
yantingting
13939139566
chenqingyan
18625888336
15637741656
13849388448
13839754570
13526818685
15670405819
15639100566
15939076922
laijinhua
13903885817
18625355525
13462202718
maxuemei
15603951308
15194481479
18348489708
13849730022
13526466905
15886778186
wangweichang
13938710639
lihongming-001
13693983693
15555459545
13525635718
zhangwei-001
15290835288
18237138962
13938671418
13083802129
donghaizhen-001
13303729970
liluwen
13633998192
liulan
13569023836
15139052921
xuping
13673504943
13781683813
zhangyansheng
15837906951
13721773267
18937295660
liuli-001
13613825370
yueru
xiewenjuan
libaoxi
13608491900
13569311083
shiqipeng
13569047910
cailinpu
wujinle
15139763325
18238313655
13619853859
15238467168
13653943251
wangli
xinxin
18537677599
18603709577
15737626221
13162310598
liqiannan
15538491114
13937344502
15539485188
18749512754
15537839769
13083768860
liushiwei
zhangyuxia-001
13503886974
15560114825
13937875206
mateng
13033751919
lisuyang
15236438932
duqianxi
13346612708
18272641205
13103701037
13838532629
18339837862
18240543827
13137437282
15544321798
13598115636
18538815093
13273734595
luhaizhou
13939389710
15137979386
zhangxue-001
13949480685
18539100190
louyuanxin
wangqi-002
13938683731
wanglu-002
gaojian
15896644026
zhaoxiaoyan
fengbin
18324338598
13523887696
zhoulijun
15939502195
lixiaolin
xuyuan
18838116339
15565470073
18538218185
13939163561
13193661099
13781671633
14523105082
18638767087
13783383337
15239675955
13461546427
15237745950
15978817566
18638873997
15638996665
13937570230
15517351820
18539539338
15036790782
13123751626
gehua
18739748083
15664323693
15903933905
15993852521
13837862220
13461700032
15039346936
18236055281
13513910659
18538536868
13140089802
15978604311
15239361135
18737559068
liuliqing
13703780815
jiaoyongxing
18337473212
liuzhenli
13939683850
zhangruimin
13849402867
wangping-001
15839382568
13937207286
13849607966
15603776193
15224875398
15236788061
13949310131
weixuyang
konglingyan
gaofangxia
15539876101
15225953660
fengshuai
xuguosen
15249754118
15939343844
15737758813
13838711967
lijingxiao
13333889936
15038471228
15603765743
13273891551
13033781978
18003724595
18736923743
18239425992
15637709666
zhouzhihui
13526132504
15837275159
15893111255
15036249282
18538498828
13513938169
13783039697
18738928881
13525313632
wangfengtian
14783444124
15138446838
15637341221
13673598538
18211980839
13525674778
15893858608
18238668834
13781808636
13353698167
18348485965
13253709769
13303794646
15837535718
wangjie
13526389566
15039395378
15938035539
13783857783
13839246075
zhangyuzhong
13462276389
18339642824
15236037146
leigenbo
13783896723
13503460755
18203721610
13837684042
15039920797
15939072722
18790124197
13223941218
13303935249
18737357710
yanglei-001
13949462626
13693821282
fangjixiang
18937415279
13703458695
15039671868
houjiefu
15936125317
13663863372
15703978981
13838464577
liubin-003
zhuyaohui
15938804889
yinjialiang
13598403008
13603809191
lihaitao
18739419875
15239874058
13839846899
13598296432
zhangbaoling
15738095371
15836406096
15038262903
13148060403
13526538264
13783930698
13849017459
15937193998
15137454013
13223858777
huangjing-002
15294745693
13569664812
15896800556
13137382653
13526199544
15236411154
13733768452
13663922469
maxiyi
15993465077
13592026618
chengwenjiang
15333856310
15137895595
zhangjing
13598459165
zuobin
15137672208
13949836789
15993084801
15939873032
lihuiting
13592608215
13937568168
13838717665
13937335227
18537085181
15093573248
13526948879
15537906817
13526442683
13513943558
13403929996
15939893789
13703802499
15937625061
18039126539
15939901740
15194472429
13839487983
13598730438
13213334822
yangjingrong
13213685589
13782783357
13939989086
hechangyu
13837046776
15237264965
13253959868
13623951728
13603902398
15194503029
13837602490
13608458552
13569422789
zhouzhengwei
13700811140
15238902470
15237791320
15239389598
13707621415
15936712969
zhangwei-002
13673069958
13837464032
15994043989
baolinlin
13243015229
15939428969
15093748171
13033898972
13592027407
13938343012
13619861198
13839993678
zhouyangsheng
18037726638
18697796988
15978720179
18639563439
15839118971
liufanghua
13839056011
15333972100
jiangjianping
13782317857
yihuaili
18638617583
15137960167
15090064392
13084299207
lihongde
13837268312
13569052376
yangyun
18637235917
xuemanjun
15518850179
15937306967
13346802685
13937610112
13643969366
15993056579
gewei
18537312115
18932717811
15560002280
18236907668
14788273790
15137201299
15093906120
15537740402
13083635852
13653981915
15637589521
fanxitao
quyuming
13949357733
13223941912
18236136636
18539451767
13939300560
15237517330
15716548612
13683931033
18339407698
13782278540
18303649929
zhuxuetong
mixia
15544444897
15226128704
shangbin
13839744998
13598397978
13653893306
18236903031
guanzhongyan
xuqifeng
wuliying
13393883195
15978450552
13613874919
15537203212
luomin
zhangweibing
sundongmei
zhaozhengang
15890127060
18555026470
15836961712
18503998176
13569138646
yangmeng
15236321175
18739511861
18039351333
15225240081
13700751409
15537260456
15225968334
13613960671
yuyang
zhaohuihui
13781270687
gaofang-001
18211708055
13460912318
18272789567
13213275105
18903782134
15978815115
13839141721
15639168391
13937715466
15137934171
13721431577
15981970331
yanghang-002
13849567345
13333666339
chengyinheng
18037286881
13703495448
15194669026
zhangsijing
13838906454
yangrui
15803800573
13643702385
13525262302
18337117791
13303916321
13903966322
18838058026
wangxiaolian
18613741864
15639766108
15514713599
sujiwei
15938351336
13393968682
15838840668
18537939900
tianhongmin
15090252191
13721687335
baoxigui
zhangruina
18237510161
15225707377
15136102507
15139939025
13837395212
13839679922
18337715511
13937154665
13525557383
zhangmingzhe
15937754820
15093467292
18567285758
jianhaitao
13837086478
13849774676
15936081756
13703477269
moshenghui
liucaihong
15136936255
18239652638
13938230168
18739888407
xiejiayang
13253942518
18437351681
18625344718
18503805095
13148296666
13693753358
15839890863
18237155091
15838012720
15938048194
15515069777
15225159768
15514831960
yuansong
13193495453
15038195562
13803957197
15544372050
15937793407
13033772262
15565234253
13937097863
15290503800
15518628666
13683951605
15516566465
13903708561
15993046233
13938653544
18236825819
13592507593
13782618260
13839324257
15236838900
15537443993
15537443993