Guest
18539918896
15203757559
13849006239
13140110188
13837395212
13525554627
13290776913
15036653971
13603906971
15093102797
18339763075
13525095595
15893889757
13937097863
15238746380
13462241112
13569516287
15036790782
13273734595
18538848378
13782578711
15237745950
15837861959
13939354899
13783693364
13283953823
18738327582
15225980220
13673903611
15518628666
18003948659
18239091625
13663731884
15039940069
13781919622
13838405309
13213619982
13569544262
13938316162
13613831317
15249712567
15249712567