18638810981
Guest
15896921119
15936780907
13460972988
15837406384
15038864551
15237127499
18838583531
13783870558
zhouqi
13513900375
chenying-001
13513931627
13839096357
wangjungang
wangpeng
13503432343
xuping
yangmingqing
13623736281
13782676693
13523155659
15936512789
15236641296
xinyan
wangjian-001
15236838900
18639861508
15538857152
13839772212
liuyue
wangli
18538011363
13513786241
18037605675
15703767007
guanqiuying
gongjue
13838096827
duweili
15036065884
lijunwu
15037436930
13253700188
13707670560
15518637993
18638856236
13273706982
15937368224
13949605683
15649843115
15603917941
duanyongcheng
13733615488
13663957886
15903079859
liguoqiang
zhangpingli-001
chenyan-003
13837673667
13837690664
zhaoyanhong
13461237980
daiyanmeng
13938680762
15936699446
18239091625
jiayanmin
15839890863
houchan
15539012052
13693734972
13014695269
liuyanhong
dingnan
15093993879
13782486849
kongqionglu
chenziang
13193874518
18337637236
15188586668
13140477180
15239785950
18749506993
gaochong
18768992838
wangzongrui
18637329656
13525049933
15637303098
13838034372
18003765605
18739143454
15981888394
18037679553
13849520581
zhengjunxia
13783893806
jiaweifeng
15938083146
15836377222
18303651360
15670561796
13462935533
13603822277
13526139755
13937337249
wangshukun
13525811951
15903656635
13333889936
15565587833
18537333738
13526089311
13523237854
13033751919
wanglihua
18211616819
chengli-001
dongyunpeng
13837212554
13837699383
13937994295
15203757559
gaochaoyang
15617269265
13323807832
13403973186
15226158526
malihua-001
18567700751
18697795486
13849607966
15137672096
qianyifang
15343739839
muxiaoli
15503868610
13033781978
yandonglin
13137309577
18236907495
15993046233
quyuming
guoyuxiang
13140000638
13838639549
18638585308
wangdongyang
15346338466
18336259892
liqingyuan
15225980220
13071792649
13503447968
machao
lihaixia-002
13419983670
18790670266
15238528890
13137403292
15239983116
18736898997
18538218185
13837002002
zhaoyu
18537623136
15294891003
13781684572
15639136986
18625975012
15993008004
lishujuan
13633984877
jinyanmin
majiangtao
13683977073
13783039370
bailu
shiyujuan
15896968921
15237136739
15936463245
15517946048
yangmeng
zhangcaixia
wanghongyuan
13837022317
13592036004
13703424318
15090186571
15838568279
13526306670
18338701560
15893587255
gaomin
13938830220
18739136670
15939882188
13243286215
18637190815
qinan
18238797340
15136050528
13203971903
13137030817
13673533234
18238668834
18736627802
13503442228
15203895029
13619874914
15937921254
liusong
zhaoshenghui
15139618137
13523995251
18637085355
15890114362
13598150737
18737259377
13837941218
15936733576
15237517330
houyongli
18530552789
15838899143
18238985563
18790173092
18134779318
15237791320
13462294620
yanenliang
13849720696
18336971119
wangdi
13613838069
wangjin-002
13071040005
15637398066
13513731272
18539005208
13783127987
13949663111
15716665166
15136711840
zhangxuehui
18530708795
15039762069
13683939817
zhangjunfeng-001
zhuxiaozhi
15237313334
15136081811
18530083002
yuanxu
15517802519
15239363987
15837107917
15893992276
lichao-003
wangxiaoying
15903858917
18211709987
15836873339
15836334796
13937067679
13523096838
heshuaishuai
15937331588
13461029811
13592630077
15294852812
15617150253
15093953605
15515518675
18790518245
15637935155
13523427969
13592057020
13592062095
18937378996
13403930177
fanrongrong
13783800968
shendanhui
18937510720
13030326568
15936501845
lixiaoli
18037726638
zhaohengyi
18603833945
15039757565
13462329150
gaolei-001
13333933326
zhangdi
18737309659
fengbin
15839792882
15838244133
zhouweiping
15839700268
13838405309
15225240081
13608656583
13939761686
13663015656
15890488259
13849974236
18037089100
dengchaopin
13837328164
13193955656
13323758298
limeiling
18211971168
13839527678
15637439168
13461116200
18939672800
13461702033
18937025136
yuerong
18237079190
13409221213
15836076679
15837062358
13526948879
18737113476
13837291697
18537094139
wangfang
15537905312
zhangkai-002
13849207759
13525719879
18537009550
hansongqiang
wangxiaowei-001
zhangruina
13939895590
15837375487
13939986559
lifuqian
15037911603
13569192016
lixiaokai
fangjixiang
baimenglan
15037012110
13839785497
18135628386
13598026233
lipeng-002
15036670580
zhangfan-001
15637200073
tangxuelei
15138966480
13939930930
wangchunli
15637371317
yichenhong
wuwenjing
15038110106
houjianfei
13783979140
15225992613
15903069071
13030329007
15225078826
fengyanli
tianrunpei
15003703511
13781127216
13673790081
18637841411
gaohanxing
wangjia-001
13949827162
15037403789
13643882441
15937020128
13513927572
15939968532
huxiaoyun
13569035507
wuyaofeng
15137435185
tanghanxiao
18638628392
zhanghuimin
13838353357
wujinxiang
guowei-001
13033863614
guoruili
18738635188
tianhongmin
wujinle
15937002378
15290872218
13838184061
13273070128
13523633766
15836822626
shiyanfang
cuilingjie
18903957806
13837023292
15249754118
13937240256
13526995362
15290462677
18614920732
15083068449
13803802673
18737822423
15137097014
18738526554
13949729619
13666903820
luliang
wanzhen-001
lilulu
15503849989
zhanghongyun
zhuyaohui
zhuhaijun-001
15537351809
18937544667
13949727619
18737346173
15836937699
tuerling
13782868912
13419983339
13937263057
zhangxue-001
15036395918
18937922913
15896644026
15225821575
likai-003
15003795133
zhoujunli
13503467458
cailubin
18238910022
13569012916
13783089168
weishuo
13839132839
maoyanan
yangli-001
15303797646
13523887696
13513947099
15039898356
13403863696
15036031975
15836469257
wangzhenkun
zhangyucong
13569009552
13525235209
zhangzhen-001
wangshuai
13938586300
xutengyu
15836095927
15539136053
15037258235
guoweifeng
15082910056
kuangheng
15003993350
13403706888
13837768933
13223910047
13939553073
15837916096
liujiumei
13733156375
13323897065
leigenbo
13503716957
kangshehui
liucuiping
18738118006
caoliangyu
13014781542
18637150150
13137106020
15303913011
liuyaoming
13213619982
jiangwei
13233924149
guanjingming
15037453515
13598335350
13072634499
13837558358
cuiwei-001
13838163717
15738700421
13419864722
niuwei
13783114418
18339225352
15518870726
xingwenguang
18103969985
15838543208
13803874952
13523328004
13849730013
18939650903
13525973608
wanglu
zhangliping
18749776903
15836332861
wangyizhu
yanlijuan
shaoyinqing
shenmengqiang
wanglixin
kongyanmin
15638123620
13213921766
13569934865
wangqi-002
13603825323
luomin
13283823971
zhangxinguo
13849113918
13939685585
xielinqing
songchaohui
lizhiqiang-001
13949263172
13673743725
15038357461
weitao
18339997989
15138607562
13938553956
13503870740
konglingyan
15333727767
15838558683
13462759649
13837536693
liuchuangchuang
chengwenjiang
18790365307
15238399922
13703477220
18539511989
13721687335
13838827760
fengya
zhaozhen
13937872178
13781836558
13323675354
13462707799
15993056579
zhangxiaopeng-001
15537935889
dingxiaoyan
13592321118
liangjingru
18737357710
13783679068
18137246408
15903952700
zhuxiaoyan
18837378989
13525669197
niuguanglin
18037103127
13721773267
yuanyiyi
wangdan-001
13033729155
18749203326
zhoujinti
13103693926
wangzhongyue
18203760468
13460479969
xiongyan-001
15238902570
13503797422
changqing
13273969866
15993887351
zhangyu
13262197271
15039398221
baoxigui
xuyan
fanxiaoyan
13782710362
15639310582
lijun
13592027407
huanglu
18537677599
18623880189
13353639027
15294857997
13072661538
18937415279
mengxiaocai
zhangjing
13592290299
15537270963
18736046829
15538561620
18336961992
15890947235
15516570764
13837632563
13837896590
13603433338
shenailian
liyake
15837645516
13938613089
18739568735
wangshuang-001
13243076623
yanhong
13525285955
zhangzhiqiang
15837872435
guochunyan
15083068148
13673540180
18638018130
15517977332
15890543399
tuyong
18338716519
15518572687
sunke
13461378868
18037399449
18603877326
13781062680
13839846899
siyanan
15517371887
13639636679
zhangxian-001
zuobin
13140627533
baolinlin
13513985517
zhangyanjie
liangzhangcheng
xiejiahui
13619833898
lichen
13419892637
15203790248
13643860353
15936372228
zhanglei
13243369730
15938351336
wangmengjia
jiaxiao
15518859444
jialuyu
15893763175
13503728793
lihuiting
13523992648
xuexiaobing
13783408313
15936226893
liwan-001
13838883865
15903933905
shaoyange
wangping-001
likeke
xiaoyuhong
13782282580
yuanshike
tangmeng
18338623006
chenyangyang-001
chenxuefeng
13014778811
13903974408
wangbaoguo
18737236015
18639335863
xuting-001
13346875799
13721756156
15836932471
xujing-001
lidehua
15670150977
15938731389
zhangpu
13693749767
xueying-001
15993937858
liyaping
13373713312
15893921187
13213923178
15090297062
18303890853
15303743929
15538206777
liujuan
18538128321
15939331741
13283936768
shsj
tianyanling
zhaowei
18738151837
huangwei-001
wangya-001
13598390365
15037368338
zhulili
13523999473
13938585662
15237428672
15993422923
13673745223
15037971811
maliya
xuguosen
15249757686
liubin-003
15937354140
13525895565
zhangchi
18639329077
15238571369
15539001552
18697707785
13781869181
zhaochao
15890948997
zhushenghua
15238313036
13783372569
15978397197
guopeiyun
15637950675
13849016097
shixiaoru
13839256303
xiesongfang
13603985506
15303946048
13193627909
13939984996
13525065471
qiaosa
13837982805
13703489320
18537247628
liuchuanyi
15136529278
fanxitao
15537665010
18790795841
13938180292
15036792107
15837099089
13663049797
13838200530
fengjianlong
15981852893
15936682431
15225953660
13783525045
13183326999
13193536964
weixia-001
zhouxinhui
13569373365
15903971696
18703630623
renbingzhi
15936714493
13723222215
13569867030
15039305136
13071738785
wangbinjie
13525920739
huangjingya
15093121603
jiangdongyang
liuzhihong
18003724874
liucaiqin
13733694087
linzeyu
13598481557
13673522407
13137960439
huangshangshang
apptest
15515666901
13253826909
15939448169
15836332597
jihui
maxiaodi
guojun
liujia-002
xuchenlong
13783864931
gaoyanli
13525728108
13903746026
15994111917
15803704425
jiangjunwei
liuhuizi
gaoqiuyan
15939418858
yanghuimin
lile-001
15514371126
chenmiao
13193975662
wangyuchuan
13598346583
13782094309
jiangxinfang
13838629579
13838417987
renxiaoning
13569061195
18736370018
zhengguohong
liushuiying
lijun-001
13613932456
xiaochangshui
13633748373
dongyan
13373725785
18790828256
13569516287
13949542673
18338600186
jiaodongliang
13343787588
13937213175
13949545846
15538382978
liuhailong
18937918806
13839420272
13938060637
15893220463
chengxuelei
15836858001
heqi-001
13663039065
13849776799
18567729535
jiaoyongxing
15896884750
zhangyan-001
13213927051
13939628777
lili
13782393479
dingsuli
13839312727
18839321202
13837280108
sundongmei
pengyanlai
18768991837
13838307858
18348171712
13525762223
liyang
18337115239
18639704441
wangyun-002
liwei-004
15670500200
13613803622
18790543700
15893524005
pengtao
15516588344
suruina
18339712823
15537159505
sunminhui
13027515571
15839446009
dingguanhui
chenyingwei
15003858076
xuejin
15038303911
yangxue-001
13938260609
13781307986
15993331078
13148060403
18790510528
15838949790
konglingsen
15083161721
jiawenbo
kongyunxia-001
15839565199
18303767885
13782369667
15286952937
13525830902
15544028211
shangguane
15138793832
suncheng
13346833336
13733841697
15137091751
15838943492
13938274815
lipei-002
13837242184
13526683840
kaiyangyang
13343825361
qinhaijun
13526800813
shiletian
chenchen-001
15839335630
18939383504
13373734208
13849565218
13608423357
wuchenguang
liyongge
15836146055
15537267683
15839314356
13837684042
15738305521
15039346936
13663063220
15838075668
biyanhong
13460480300
jinyan
nielijuan
zhenghongyan
jingli-001
baihuiwen
zhangxinyue
13623788045
liwei-003
15239087693
15838583929
zhouyanchao
fengyan
jinlingling
15038711643
luweiqing
15617998900
15539716188
13837888807
18568222508
13598994907
liuli-001
15236826245
wangwen-001
13569089630
fanchao
18937295660
13523304968
15637052820
13603806315
15516676684
13937274047
dinghaixia
18238498862
13525497545
wanghuiping-001
15093943522
18838116326
13253008192
18530251030
18639290976
libaorui
wangshuzhong
cuirui
13782756407
13693885529
15039529359
13462265048
15290865153
15993687495
15637741656
13461309579
cailinpu
13598306717
15839315191
13949272634
songmi
zhouhuali
huangxiuchen
13603976508
15939310055
15836321889
chenhong
18317390819
lijing
liuyuanyuan
18739960987
13939350141
13938453308
zhangxiumin
chennannan
zhaoxiaoyan
18625355525
13700727587
15237973667
15237216041
guowen-001
18738173038
13849418110
15890127060
13849166308
13569108115
15890102420
13849596272
gehua
13673338201
15936081756
liyuzhou
18639068247
13938671418
18530101189
15037308550
liuxuanwei
15939076922
13803736727
13838179761
jiazhimin
13460733744
15083231296
baichenyu
18703690219
fanweiwei
lizhen
15037371269
15225536545
weishanyu
13460865801
sunjunjie
liupeipei
15939969581
liulie
15936651485
15090678133
chenghongyan
wanghaitao
15890917757
zhaobeibei
luhaizhou
15515131903
13569955506
18348273033
zhuoyue
15037234707
13838457830
15139501663
zhangyan
15225599935
18738856300
13937292784
13523008838
15939332384
13523110635
haomengyu
13462557129
18838599800
15839757101
wangjing-003
13569021646
guoting-001
15803726335
13460700625
18638811427
13608643114
wangchenxuan
13353698167
niudi
18237190353
13383921285
18736826289
15993877723
15603866721
yaotingting
13569144422
13598553128
sungaoyue
liusa
18638010897
15516925516
zhangqian
zhuxiaohui
15515863707
18539702316
zhangxiaobo
lumenglie
haibei
yangchen
13673559155
15237489938
sunlingling
jinjing
panhongbo
wangbin-002
cuibinbin
15138446838
shixu-001
wubo
13323751312
wangjuan
13607644991
zhangpengfei-001
daixufeng
15603934946
13783802634
13939354888
15539887205
15738280879
13949730117
13213742105
zhaowei-001
18317721686
miqi
taozhen
lipeng
15738630080
13653799228
15839284120
linlulu
13849569188
meijing
zhangshuai-002
13783864946
18538105770
13633737827
xiejiayang
13783039697
15658816260
wanglei-004
15637221882
ruihuiyun
13271210559
15538003267
wanghaibao
18439341321
huangqiong
15188278627
18736189311
15225662150
13525536898
yuyage
15139463894
sunjiyan
huojunpeng
18625664488
15639380121
13838496108
mabo
15937816308
13213249006
zhaojianping
liangguang
zhuyongchun
13938596323
zuoling
zhizunbao
chenxinxin
15994043989
15138271471
13849469146
wangboyu
13569095686
wangfeng
13503469792
13703436372
15539335598
13613747468
13939583261
18638550160
15036486180
yanghang-001
sundongliang
18937246715
15138234593
xiayuanchun
13837456143
15896830685
15093268251
15670691972
15093931750
15565207786
malihuan
niushujie
zhaoxinzhi
15737897431
15093639958
yanhongsheng
15824880843
13783633761
13569735500
15890119311
15139936548
15938978776
yanglei-001
lixiuli
13949416720
13461935130
zhangguangchao
13839456279
18530918645
liulina
makaidi
15638528502
15138512588
15139594567
13693987238
lijing-001
13603467222
13643961628
15836313453
13569018208
15639777869
13939990145
13783381577
15939039601
gaoli
zhenghao
13939387105
chenchen
18348370702
13007672078
sunmei
13243352318
13838415123
xingyan
15716384249
zhaozhiye
zhangge
yanlu
15839690167
13839893016
15565168003
13643818459
13783006520
13526622027
18538569130
guanjun
liangxinxin
13461619161
chenyuanyuan
15839897012
13837277305
13592364268
15938773540
niuhonglin
zhangbin-002
tianjie
18237827419
13837955416
18339377222
xinying
13523257131
13837548821
13782896101
lili-001
13303729970
18738502470
18530815100
jiangyanyan
13633748175
lishuai
chenyang
manana
lujing
13783866595
zhangruimin
13603407839
15738308685
13525911968
15039958952
13462569298
15136855893
zhaohua
hefeng
xiaya
lipan
13623951728
15993342371
13598864049
danghuajie
lixiangrong
lipei-003
qiuxu-001
13083768860
13283948679
15937137666
18300680316
15993305285
15837976076
chenwan
18039255508
liyi-003
13838652716
13683951605
15639150828
15838168921
15893215824
18137250795
18339415609
sangchunxiao
zhouhongyu
zhaojia-002
x
18738567092
songwanlu
zhangshubin
13849267026
liangjunjie
18240728667
gaojian
guoguixian
13837028911
lihan
18839368234
13938483949
13839468803
lifei
15936926259
15836273009
13781573803
zhaojianshe
18903906567
cheyangyang
15937903987
13598759885
15838183634
18303998066
15939516795
15518598396
weidongyan
15237167062
18625679539
18637238755
13783283985
shuwenqi
zhangjialin
13523298106
15837934111
15537716727
maming
18239397395
13939389710
15136110362
zhaojianping-001
13503460755
13723215212
13783835071
13140411115
wangyanan
13007622160
18838773309
18937617406
lijinjin
wanghejia
13253669762
15670458799
13939022184
xuling
xiena
lihaitao
13837223066
15138467105
fengxiaohua
13183333123
jiangjianping
18537205279
13663922469
yuyanqiu
15837322815
15038204268
wanzhenhua
13817651147
hechangyu
zhangxiangfeng
13783232903
15603985263
ranaijun
xuang
15516617052
maqingdang
13721426554
18537980665
13619815184
15038687240
15896925306
18137963818
lirui
15824773557
jiyanbing
15516802067
18538769798
18236709783
15837098527
13592033132
13653981915
15517282438
13043726647
13333970303
fuyuwan
15896862890
15837256010
15038855591
zhangjing-004
15836433556
18538383252
15890754284
yangxiaoshuang
13663734959
18638951116
15518879247
13703793196
15670103663
13937940546
13213522854
18637807650
13643915058
18790284774
13525095595
18623757633
13137437282
15836371952
18603717763
13271767471
18339407698
wangxue-001
yangjing-001
guowei-002
13140089802
15837258125
15238111828
zhangchunli-001
chenxiaobin
13783868158
13014533028
13849257978
13733862278
pds-yexian01
13837517813
15103860726
lusenjia
15093918344
15103793260
13526180965
13838984115
luohui
13643712028
13273780393
zhaocuan
15896576572
zhangxiaoqin
13373710505
13949263699
13673069958
hejiangnan
13461277698
15893155165
15225033055
zhangtiantian-001
zhangyuanyuan-002
13353940611
zhongxun
13803720604
sujiwei
18238107902
13949513183
zhangjingjing
13673703606
chenxiaofeng
13323720197
wuyao
hemengqi
18539918896
18939258190
18238476311
13949162016
lijingxiao
wangxingwu
13569944550
madandan
15637686129
13723013898
15137960167
13839945887
13592514488
13633822636
zhangguiqin
13849861960
18736571376
13938712968
13140568959
liyanyan
zhanglulu
18530512627
15838283489
liuyafei
zhouhui
15896559221
13803943613
15139974578
wangzhike
15515035839
18637235917
zhaoqiang
15890786765
zhangzhenlong
yuexiufang
xujuan
15236438932
13462527775
test1
13663810660
zouwenting
guopei
pengxin
18937886319
xx-yingyun02
13525627822
yangna-001
13603773281
tpy2
shenxiaodong
hanfengyun
huangqian
15938995051
13608449053
15136936255
15993322918
like
15936616897
13592295231
zhangweiwei
zanyuna
15936457429
jiuchunxia
15083256865
13461089900
15937648211
13782226228
13849887286
15896570969
13849402867
15565524852
18003724595
15343917503
13592659161
13849092270
13343724959
18937853832
13137100987
qiuzheng-001
duhongqi-001
fanlin
18003728118
zhukun
15083064479
13623725866
13183330379
13937328437
13603936466
zhujiancang
15139052921
13937964258
15083329939
wangchaonan
15137557128
13937276135
18600211763
13949807096
13526108518
15039870926
13525365332
15890475799
lvmengning
guolong
hanhongguang
songshuguo
13603753209
15935961526
wuxiaohan
13838532629
13949729971
13903885817
tpy4
18603906920
13837076527
13598612552
15937574402
xuzhangning
18637252776
13782219226
13233757320
13323797768
13938951102
13592194476
13938164330
zhangwei-001
15036340970
13781360088
niuzengxi
15038615078
18639372577
18203897758
jianhaitao
zhaoxianli
liulei
15890250609
13633710175
15839423674
15836594453
18739500456
18638896558
15937457878
13323620755
shenchunhe
13839096448
15836142635
13462628575
15836992883
15290187968
18623760634
18903782134
15837287291
15038430555
15893539530
13569359036
15090091881
18695978385
18625728298
18637367058
15836089576
13613905273
13733906656
13633802035
13783236885
15839409690
15639905283
18790198295
zhangtingting-001
13838275212
15688102225
13803858875
guanchangqing
18736961335
13938822713
15839090678
wangxianju
15237717680
13937553306
13673515103
libingqiang
15736982696
15236321175
13409423816
15236917999
15938607317
15236155708
13937097649
13938070873
zhangxin-002
13273734595
18737319063
18623706282
15093160535
15838110636
13703901931
13623858377
15838920308
13781837879
zhanggaige
13525777086
15290503800
dulei
mashuai
18625506473
15893848807
15514162027
15037124918
18521351517
13137417269
18571365689
13623994475
wangfu
13707607598
13938245753
hanyanhong
18538983987
guohanjun
13419872864
15203953827
songkejia
13838672281
13938008196
louyuanxin
15093467292
15938303859
13693821282
13837625775
liuhua-001
18303729088
13525698017
15238574610
13653844259
zhuhedan
18037666637
13673608259
15137679798
13783547692
13333865831
15136562714
13733801365
fengshuai
13598296432
15090176651
18737047333
15038262903
15937793407
fuxiaoyan
xinxin
13137903888
15638995988
15638099964
liubaoshen
13592603136
13783172297
15539386118
13849261530
15939322285
zhangjingxia
13781079165
13393773722
hanyulong
13271588511
15137135000
lushiji
xiaobin
13838170489
15838251222
13148046918
15993053399
15893571505
13193532448
liyang-01
13526526714
18337473212
13837505401
zhaozihui
13525535612
18239718780
13721759938
13273780866
15037842890
13462131551
18749559919
15515034123
duanpengfei
zhanglin
18530271865
tengwenxue
15837596279
13937870736
wangwenlu
15939526698
lisuyang
caohongxiang
shenwang
18737033445
15138012446
13033983521
13343696867
15138060871
15038119370
18336279186
lixinya
13781001725
13938860606
18639797114
15090293634
15039671868
13592572471
18737188388
13409467772
13849944560
13271016656
15939339811
13839896576
15149668136
18530227058
zhanglijun-001
xuyanan
15290638176
15516498993
13937219141
13938487736
lilina
13937993789
13569804992
zhaoyanmei
13939336633
13283084078
15837991759
15836145885
18623976927
13938700799
13193591319
13461723795
13064416919
15903852030
15890454025
duqianxi
13723260673
18624709045
wangwendong
18236518362
liangchen
13782676738
13703761139
15603805318
13393936738
13419903322
15037605206
18637943145
wangdan
18739470566
13523509206
13419848364
15238772066
18237808313
15093387722
15037431783
15203838789
15239879858
13503442925
13233763660
13938101352
13693983693
15703708967
15039823697
yuaixi
luqing
15037189786
13837286580
18336674802
15838565281
13683800000
13071776623
15538459159
15803784756
15937037352
18538389550
15514713599
18937767731
13526907539
changjiang
18736376483
15239301508
13213383182
wangchao
18839639621
13673348210
liqichao
13525999986
15137479638
18639703265
13839868274
13461638926
15538282765
13700861769
13603887849
15138005088
13598450429
13837862220
wanglanyun
18237319439
18790986583
licaiyu
18637339207
13526960551
chengqi
13937737493
likaihong
13639688456
13938954709
15938592048
maqian
15090147085
13839099287
15936290576
15225068305
13603707288
15137101377
13903708561
leihonglei
13525323386
18239753923
guanzhongyan
13803734967
15937883792
13849561712
13507687289
15936885049
15837430939
18937234545
13939399589
18268612279
chenheng
18736722592
zhaoyuan
18537278595
13938567356
niezheng
15239025168
13949354170
gaowei
15603878961
13253302875
zhaomingwei
mashuhua
15188289878
18338626106
13203899811
wangmei
15896843291
13233761855
18937216668
15803793277
15893493018
15936601034
liweidong
18639262633
13937207286
15617279390
liubaoguo
13938711554
15729422155
jiaohongtao
18695817095
13623773003
13803923054
15037201927
yihuaili
15136134200
15936125317
suoqunying
xingchangfa
13939479302
15981825119
15503775763
jianghemiao
15538668775
18736645520
lixiangfeng
mixia
13837324028
18623752386
15503923297
18736390255
xx-yingyun05
15637742153
15637972581
13409482227
18530227656
13461764390
13949292770
13723054068
13838766598
18739779204
13837360648
18537718884
13937344502
13837538850
huangjing-002
18237130697
qingang
fengzhanhui
15638651939
15729035335
18803799808
18211949744
18236226162
13526550936
13223830099
13072603883
15839718789
15238421393
donghaizhen-001
15939988352
15226129531
15838237716
18339267130
15713692567
18236721981
15515623743
18037605685
haojinchao
liluwen
13782006005
13949327643
15716316999
18503948625
15637148003
15090331521
zhangxiaoyan
15903932341
13949487779
13938233957
hefan
13949323065
liqiang
13693793805
15225970979
zhanglu
15093381351
liucaihong
13203939215
13592608215
13598437535
13598699283
15937130157
15839348629
13629831212
13839311664
lichunxia-001
15537909559
18530651582
15139520319
chengxiang
13700788941
wangruiying
13849860323
13619803697
18337575757
15038237832
18537375856
18790904535
18238487791
wangtieji
15539501562
18739120209
18238611291
lipingjun
13323905550
15937400815
mawei
15239361135
15139437619
18695913541
zhangbaoling
18236143261
13939826005
13569616770
13683852149
13839417019
18736923743
jiangbin
13673763373
15837180838
13849038490
13838051801
13781927615
xx-yinyun01
18738189165
13938899775
18239822616
15896637758
13673418229
houjianghong
18103957658
13937472192
yuanwenping
13703468641
15890634744
13782531510
15978582306
18839509873
13783210418
13526237001
13949713860
15639766108
13938212496
18239179799
15603791177
shanghaiyan
13838888959
13643984682
18637675876
majingjing
13525073310
13837898119
15136237344
13839490480
zhaowanwei
13781670165
15537668544
13849924306
18623883365
18037628701
songfang-001
13598633072
15896839704
13803961165
13598791587
zhaohuihui
lixiaodong
15239874058
13462706977
15737506778
hansongtao
15993131212
13949451088
13937536270
13783111937
wangxiaowei
13703802499
13733807123
13837243849
wudongya
15690602159
13673589926
13733901370
13523527820
zhanghua-003
15037375988
13939223331
18503805095
13837040156
15194472429
pandeng
wangjun-002
18567170099
18639717106
18625953488
liuwei
hanjingjing
15346253858
songwenwei
13403821829
15343794067
13838267129
13253942518
liangyujie
15239444909
13782855581
15516293390
zuoyi
15238641875
13707644118
13839776070
hanbingxue
13783794856
13721423669
lixiaohong
18703639667
13849774676
15238652420
niudechao
hewenjie
15896571800
15896622999
13598739948
13673889846
13673567118
13460479088
chenchunyan
13525871802
tangxiaohui
13733903207
13569888619
13323645850
15837391897
15139396803
15037381922
13598983337
xuelei
13213839108
13462277738
18838111281
wangling-003
15236037146
13569111626
15237264965
15236172118
13949955873
18237135175
18211872117
13837597857
18503941123
15544288358
13613749034
15637686836
wangliping
15603733885
15503915343
13673690246
zhangyali
18638011575
13083859674
18939519892
15937772003
13598109197
13083753569
15893839280
13069475089
13409236827
13949987812
15893036303
zhuguanghui
13526818685
13409237190
13673778062
15837626153
15038767360
zhangzhe
15036085190
13393826168
zhangsong
15936701810
15537092332
gaozhen
18257376089
18237397166
shizhengyang
15139843223
13838796924
15738764568
sunshengnan
15139472506
13592688418
huangxiaojing
13937507415
gaofang-001
huheting
15937587059
15239559751
18039535556
18903737678
15236272679
15136330633
13213463185
18338003699
wangyingying
chengfeng
13781346786
houkexia
zhousiyu
13619834198
18530811665
13782215156
13939700344
getao
lili-002
15639640871
housuzhen
zhangyuzhong
13598706340
13273020091
15937641073
15238319279
18639903110
13723207929
libin-003
yangfeng
fenghuimin
15237147771
15237599903
18790359656
wangjin
13663002060
15737758813
13781437747
songxuekai
18538536868
wangruifei
zhuhongyang
fengdazhi
liupengfei
13938810464
15136598638
cuiyali
13781521312
13774209894
13193661099
yinjialiang
13137057819
13513922568
15994047368
15837685078
18037362165
15838493813
15737037175
13703967296
zhaoyang-001
zhangjinying
15239575035
15883372987
huangfei
dengxinya
15136014452
13938698017
lvlin-001
hejiaokun
zhaoheng
wangxiguang-001
15837131439
15136128185
15137179622
15537986898
niulingyun
wangxuan
13937998109
15839118971
yantingting
15838235512
13513919965
13782672122
hechangqing
15137223650
13938503797
wangwenhao
13393968682
zhengfangfang
13663878212
13409337812
zhangfang-002
wuxianguang
13939300560
15938102135
13203932988
15137895595
15136688801
18037861076
guoling
pengliyun
wangxin-001
renguangming
13607644122
13781728631
13569164015
13949925532
15225482980
13213262928
yinxiaoxia
15039781465
xuting
13295985092
13193964806
15903953621
18336894314
13837552806
gaoyunfei
lihongxia
15226185077
18037597870
simengrui
wujing
15993045435
18637263288
liyue
13783174866
13937573853
15237876008
13513764081
13592029213
13083818915
zhangdongfang
louge
15294876822
15237723791
15518628666
laijinhua
houchenliang
13569052812
18438533582
liying
18637955244
18637086520
15539573050
15565596021
18272647119
liutao-002
13611861848
15038513583
15737922133
linping
wangyong
wanghuiyong
15839501572
housen
15565316815
zhaoxiaopeng
15890341957
tonglei
13949868762
18134479585
13949637881
13526541982
18537399369
13323952103
liufanghua
13838774035
yangjinwei
15939508981
15836499883
15837650688
15539878251
15188263335
13503569792
13826880408
15514865433
zhangyansheng
13838448188
zhaosasa
13460086773
sunyawei
13569047910
13949647771
18239343729
shenlimeng
mingjingjing
13569002517
13353767286
15936908779
13613901962
15001996879
zhoushentao
sunman
cuiweiqun
wangbotao
13409494398
18839940006
13461546427
15239114561
chenshuang
weiqingrui
13849415637
13526927305
13733969328
13723100169
13781229138
15136254577
15539485188
13033937772
18637892650
13781723373
13462436959
13781773099
18739783676
13503886974
18749499591
18639105241
18790227129
13525262302
18736686072
liangfenfen
yangjingrong
15603951308
xuejuntao
15639168391
18903915693
15249714077
13083819140
13253882236
xuqifeng
15515197565
zhoulijun
18237745120
13937770101
13525948402
18638767087
18790810202
15937502652
13939048389
15194503029
lilina-002
13837648310
mayan-001
13937875206
15139996331
xutingyong
15738862688
15237312747
zhuyaoling
fuxinjuan
15838577703
13782785106
15036222247
13460910031
15937601379
zhouhaiyan
18625933095
xueyuan
13781861659
13783834774
13460800929
18538815093
18137503749
18703869690
18003948659
13462452035
15516426776
zhaoruiping
xingjunying
15037273128
fushixin
15690706533
13937114023
18272655511
zhanghongxiu
wangqingqing-001
liuliqing
zhaowenyan
13837299737
18530933890
13033759434
liziyue
13598325155
hanyongfang
15836191692
18339837862
18903789777
18790676452
chenguili
zhengxiangyang
zhangliying
fujinqi
15038647608
15838475762
13333732213
chenxiaoyan
13703941119
15911099873
15137979386
pds-wg01
13462289430
18697709935
liuxiaolan
18838116339
gongjin
13598552366
13783263929
chenjianchuang
15939693751
15565009137
15238733666
15994151576
15238746380
13633933926
yuansong
15886755709
15333856310
18838058227
13781679609
18937141911
15239989993
15729256669
18439572075
15537586019
13569492684
lihongliang
liqiannan
lifang-001
15839819795
13939070241
13569463678
liulan
zhanglong-001
xujian
18238667867
changshaohua
15539251133
wushaokui
zhanghao
13461630710
13938260950
13513910659
lvxiaoyan
13353742828
18625832758
huanghufeng
13939341184
xuyuan
13939804168
13298383267
13193514566
chaoshuan
13849993750
youxuewei
13703857760
15993217978
13333638903
18736633630
15000903836
yanzhiling
13623981759
hanjicheng
gaoxinbao
huangrong
13663022545
13803853665
zhouyangsheng
13462787195
13526241779
15896905623
18838200070
18237381119
13816423537
13569519033
13384062939
15090154732
13525782737
yuyang
18638486121
18437203243
15837275159
15290052388
15886778186
lichao-004
15716670826
18939173576
18135768710
zhangshuhua
15936051159
15138381711
13683900026
13839093614
shangbin
18625683311
jibaohua
13839951368
guyanping
18768998855
13783914060
13838616042
13140613374
13838295967
13721895996
18438068110
13592439036
13782187409
13462531272
13781847592
13409311680
15637580882
15537740402
13613910005
13503899077
15938144123
15237746500
13783100972
13603707315
13783337672
13603439713
15937627555
15082916369
linquanguo
13849941206
15036289913
18638385651
13569090880
xx-yingyun03
15560115503
liuguang
15893650700
13781683813
18337456578
13938689766
15093651290
wanglei-001
15036269253
18103957900
13071785902
xuexianwei
13782889725
13569044131
15836294920
chengqiuju
13140033993
15937308763
15138819860
13526982298
daifei
18237758633
zhangdongjie
biguangming-001
15137672208
yilin
yanjianheng
15993129019
13213892876
13733757252
13938187772
15896668412
fuweican
15690899983
13721431577
13849776137
13663863372
18239373186
18039597296
15836952807
18737312522
15936694888
13460427086
15343977188
15936967587
15837412104
sunxuekai
13703472891
18848846151
18503758588
13937116458
13592026618
13569243721
lifangyuan
18790365451
13148216465
15637809855
13383872783
18240532076
15037588979
15537839769
13938584053
15039569792
13707621415
zhuxiang
18339503930
fufengwei
13849182034
13598702620
18738506608
15238902470
15837535718
13525415830
18738371286
13839176075
15514823781
15503884568
zhangyuxia-002
13838464577
13353632051
13938196678
15639186628
zhangxuepeng
gaojie
13838555168
15290214669
18037758598
18103966985
13781867056
jiudapeng
18338222229
15138574901
15037063210
13816246346
13783250711
13903734411
18338372661
15083361538
zhouzhengwei
zhaozhengang
18338631121
yaoyinghua
15539732002
13203765230
15936416652
sunhua
songqian
18537312115
lihongming-001
lishenghong
fenglianrong
13849256898
18838123797
13137382653
13839191996
wangqiuling
18237301255
15539128195
18103716640
wangsixi
13782642866
18003932978
13525690502
13461700032
18503800824
aifang
18239652638
15037352399
18749027298
15994198660
15836583999
13839750965
13137623333
18037611912
liujie-001
15993198686
13837649297
15639553782
linan
13383922278
15670572299
zhangxiaopeng
13017609601
18937218099
libaoxi
zhangyi-002
wangping
13183206476
18697796988
15093906120
13703420864
13949761563
13839982207
13838310282
18736281419
18738080880
13663866683
18638111766
15137020375
lixiaomeng
wangyan-001
chenqingyan
15226128704
15538393233
13838251628
13938508059
zhaosuli
13939557718
15303873096
13838516003
15139187096
jutao
18555026470
13503885415
13271263528
18300670885
15729210315
15225707377
15936545026
18238662686
13838809153
15639751022
15225912102
fanshuangshuang
15537260456
limeihui
13569273383
13525379717
15836383237
shenhao-001
15039940069
18503789918
13253753649
18103989735
13764003757
13526466520
15837102928
13598113523
13781293176
wanglina-001
18625581591
15729497713
songyuanhong
13223936697
15836887633
13783792055
18749232831
15515789345
zhenlingling
13137960781
15936208680
18625350626
18739862915
13937767200
zhuying-001
13619865501
13937754777
13233982437
13939162664
15737180168
13213137873
15617802995
liquanli
13938536530
15716782569
13513989113
hehongxia
18603735129
liqiang-001
18337174994
15936525977
lvxianglei
longdong
13213275105
18538965808
qiuhaitao
13783546248
15038102221
15638679311
13183132919
18539302689
ligang
13849137218
13603411748
13213047669
15544352952
15837631497
15238619875
13838816457
lilei-005
13525322565
hushanshan
chenchaoshuai
13803834725
15565555780
13653750022
houjunfeng
15514831960
15938048194
guojunjing
18637499861
18838175269
13014539824
13938586323
18336678665
13569274350
15603776193
18337792676
13937097863
13203920455
15090684415
13592308978
18568200761
13939399579
13937757873
18739233394
13733684940
15503878066
13782917523
13663949031
18790239223
15903889951
13939645699
13295031177
15837861959
13683931033
13683931033