Guest
guanjingming
13526306670
18239343729
15537387660
18737989569
15738045299
zhanghan-001
18625657387
15343739839
18211971168
15203902157
13569047910
13653981915
zhangjing
13083768860
13938196678
15036666115
13937481850
13462265048
lile-001
18272771578
13323897065
18537980665
13837046776
15839074735
zhaoxingpu
13703424318
18939294277
15137672096
13462223399
18837496000
13849776137
18537399369
13526661515
15136081811
liuchuangchuang
18637329656
13403917897
18037605685
18736898997
zhanghao
liumengjun
13849207759
13271087772
15225068305
yilin
18272789567
18790629145
13513786241
18736633630
15837099089
13523887696
13014751370
18736868129
18736867525
13903817304
15137639187
18237057307
13603773281
15716665166
13592290299
15729326265
13137014029
15937754820
13603906971
mayan
18037605675
15225988796
18937025136
13623773003
13271016656
13623775125
15936372228
15238528890
15837953426
fengdazhi
18236136636
13592044527
13937725465
13598687886
15037490173
15603917941
13938899775
zhangruimin
18336971119
15037012110
13253700188
zhaozhiyong
15937665506
18238107902
13782798526
15037076867
15037652656
18337117791
15639136986
13683798689
13525973608
13346677727
15039757565
18637314600
18237051515
13592358948
13937314164
13939761686
13703469676
15838786790
13033863614
huanghufeng
13939984996
15503771434
18537094139
15837916096
13683925387
13633748373
13526526714
liucaihong
18348475302
18237135175
15514943543
15518977332
18538018544
zhaozihui
15503897940
liurong-001
15737540156
18903906761
tancong
13419983670
liulei
13673703606
18236230779
13598677983
18937415279
15188278627
15238574610
13949730117
15093121603
15803913394
13613749034
houchan
15515035839
18737259377
wangmingjuan
15083032830
13673458441
18885010759
15537092332
13503886974
18236709783
15037375988
13938453308
15838075668
18537677599
13939645699
13343696867
15516566465
15993131168
18738635188
15978699596
13323758298
13782277347
15617150253
13783546248
liangjingru
15037304411
chenchunyan
13523167026
15836469257
15729256669
13938336681
zhongxun
zhanggaige
15137097014
13343787588
wangjia-001
gaolei-001
wangchunfang
13526710589
15139300593
13783930698
shangbin
18638856236
15303873096
13526955198
13513947099
heshuaishuai
13213129248
wanglei-004
aifang
jiaoyongxing
13703761139
13663011910
13949637881
13837086478
13937129558
13937309148
15703708967
15839597075
18339997989
18737033445
13283823971
13569357194
13083682751
13838184061
15890786765
13069475089
lihong
18768992838
15837626153
18237027952
13803769489
jieli
15639766108
18539511989
13598250070
13673067745
13673745223
13837280108
15518817920
13523096838
15225821575
13569322520
gewei
weixia-001
guoting-001
15936081687
15901178983
18790986583
13937067679
qiuxu-001
13663799782
15938395972
18037726638
15225240081
15039940069
13949729619
jiangshasha
15565168003
15225707377
shiyujuan
13838200530
cheyangyang
15225953660
15036623753
13071792649
13939904231
xuyuan
18638628392
liziyue
wangwenlu
13643984682
13939220476
wanzhenhua
18539300820
13569222576
15836546578
zhouzhengwei
13203747818
13723260594
15039762069
18037286881
15939310055
15937949021
weitao
15837107917
15003858076
15896800556
13939135846
15503797149
15537775621
15036019687
15226158526
jinyanmin
13673362602
13721687335
gaoyanli
15249754118
suruina
13103792810
15836401262
15839314356
huangwei-001
13837648310
13203899811
13598146058
15837241642
15003952724
18558790912
15938351336
13663003786
18211709987
18300680316
13782999829
18738151837
18338600186
xiejiayang
13608491900
15836822626
13837248810
lichen
15936501845
15537909559
15638127550
13223941912
13849337732
13937438222
13700881522
13937463838
13838179761
shaoyange
13283075443
15037842890
15993687495
jiaodongliang
15239256128
15565019895
13837243849
18211881692
15836334796
15003795133
pandeng
lipingjun
15837278099
zhuyongjie
fangjixiang
18317721686
13271117161
18137246408
13781532728
13939373122
15003703511
13526683840
18639335863
15937002378
15036670580
maoyanan
18639330422
13569192016
13733862278
wanglihua
13781127216
18637085355
13838629579
13525285955
13633708671
15238571369
18530552789
15939343844
18639273335
13592057020
gaochaoyang
13938306952
13343724959
15936682431
heruixia
18037291326
18538218185
13803735509
13462759649
18203776690
13253302875
wangmengjia
13837916096
15936651485
18538856778
15303913011
18503723675
18303890853
13569373365
15803704425
15890488259
15938099190
13513759412
weishuo
18317390819
15083097778
15993887351
zhouxinhui
15138609630
13938671418
15516963475
18790795841
15660127026
zhangliping
xiena
18637226880
15036396257
18638385651
15037856085
13137797760
13837855228
zhangdi
liuyuanyuan-001
15237406850
wanzhen-001
15333978173
lvlin-001
15838968128
15039503458
15037679916
18736046829
15637052820
15036792107
18736722592
13938477817
13603906810
cuiwei-001
15237216041
13072634499
15082910056
13939399579
15838511681
13084299229
liushuiying
18639572336
18638010897
13838891202
13253008192
15839315191
15738559899
18790575344
15136815367
15664323693
15137616738
13083859674
15518572687
15238389740
15936780907
13700751409
15093993879
15538886114
18039351333
15083288840
13523328004
15896830685
13781683813
13373710505
13569138646
13193791150
15514532076
13460819508
13938567356
15083068449
15938450420
13223941218
18737613536
13513943558
18695817095
13140033993
15939331741
13033727252
18790868209
18703630623
13213923178
15836383237
18238191677
18003724874
13938689766
13673778062
18530251030
18749559919
13007506363
13460700625
13949487779
15565009137
13723100169
13603761646
13783979140
13949354170
liuyafei
13938954709
15239542598
13598298331
15839335630
15037258235
13525719879
18336140891
13213927051
18790828256
13782094309
18337473212
13937116458
15993937858
15290642101
15239989993
15839501572
13283843122
malihua-001
13781670165
18637235917
18238999343
15083231296
15994043989
15837120220
15890475799
13803976470
13803974855
13461912157
13783866595
13721759938
13838796924
15083407383
13203932988
15993422923
suncheng
13569295606
13373725785
13007555340
wangdi
chennannan
15617642770
18637764767
wanghuiyong
15837906951
tangxuelei
13598346583
18768991837
13103936515
siyanan
15896677022
15893220463
13703775501
15037588979
13598751897
18238582787
15936065272
15836332597
18839368234
13633947570
18623883365
13849261530
18639068247
13193627909
18537951826
18738298842
13017613195
yangchen
15503878066
lihaopeng
15939332384
yiwei
13781808636
15239996761
18237588900
15896560061
13837803125
13937747641
18338666211
13839893016
13526622027
13673062123
18790946495
15836314992
13938680762
luliang
13323831380
15936463245
15886755709
13733694087
18237510161
13523722171
13949545846
15516676684
15603878961
13939577451
15518870726
18236299656
13949651289
18530271865
limeiling
yuansong
zhaosasa
18920056881
15539528975
15544028211
15938303859
18937539931
zhaocuan
fuweican
15037778568
13193532448
15518871878
15670150977
15896884750
13837862220
18625855090
15036486180
15837258125
13673790081
zhaowenyan
13598750786
15194503029
lixiaodong
pengxin
13653934504
13849871971
15737077890
daifei
18236508516
13782783357
zhuxiaoyan
15836992883
18737113476
15993373306
gengyuxing
zhaojianping-001
cailubin
13703908197
gaochong
xuting
18738928881
15225646853
13937641070
13140627533
18337456578
13608656583
15137495500
13460800929
18438085166
15237428672
18736189311
15738308685
15137596167
18736686072
18637736192
13598553128
18838116339
18239351079
15539761266
18736370018
13193898862
15617998900
18537278595
15837665188
13782737025
15136653182
15226076663
15038687240
zhangchi
13525830902
13849402867
zhaojia-002
18438818811
15290052388
15294820327
13525627822
15203895029
15239302772
13608633901
13939553073
13837040156
18337241143
15037753756
hanjingjing
15893596684
13333933326
dongyan
13939986559
15239363987
13569089630
wangbinjie
zhangxiaopeng-001
15836433556
13633899441
jiangdongyang
13683977073
13938180292
donghaizhen-001
shixu-001
13403822624
13837223066
15539386118
13939387105
15839890863
13782078088
15978611213
wujinxiang
13462596993
13569795202
13513989113
13525970898
13839846899
15603776193
13353767286
18211852955
13721724649
15617166300
wangzeng
15893599961
15890543399
lipeng-002
13460655181
15039958952
15249770202
18303998066
wangbin-002
18638951116
15544444897
13383921285
13939895590
18537247628
baiyu-001
luhaizhou
changjiang
15638983228
13937292784
15838568279
15836377222
niuguanglin
18239369112
18839940006
13623953050
simengrui
15836147024
18838123797
13783408313
13525854608
13781573803
tianxiangli-001
13298103369
18338371127
18737236015
13603407839
18638810981
15637935155
15836332861
13619833898
18738200608
18237778275
13803720604
15136050528
18037268999
15038786737
13698836965
leigenbo
18638752668
18736568832
jiangjianping
13569549994
15237594352
13462628575
18530512627
18837278887
13939596225
13543861679
xingyan
guoling
13781919622
13939389710
18539451767
18736961335
18303729088
18137250795
13461228178
18239652638
13782369667
18348074955
15837131439
13461303418
13137622207
15236017727
18738502470
13949268228
13419958381
15937601379
15188423109
13782011163
fengjianlong
15238354222
huxiaoyun
13633845892
15037715955
shenhao-001
13598983337
13782278540
13837982805
15137091751
15939622826
15893336569
15603866721
13837456143
13849974236
13137765297
songchaohui
13373713312
18790518245
13849720696
13839168971
15343935057
13693906067
13937770101
15236321175
13723013898
13837632563
18336433910
15909681507
13939350141
hejiaokun
13783893806
13525313632
18937708509
hechangyu
13607614824
15803729911
15938865058
13849774676
zhaowanwei
13523304968
gaoxinbao
13619874914
18749395522
15203855073
13782917523
13262043091
18903758802
liuyanhong
liubaisheng
18603877326
13839456279
15936471627
13598515622
13598759885
13938613089
18538105770
15803726335
zhangli
18736560746
13462569298
chengqiuju
15290970189
lumenglie
13462170627
15938427163
13333768825
lishenghong
15936198809
zhangbin-002
18625679539
13938846680
15103783552
13693885529
15839293195
15238111828
13938596323
13461777758
zhangyi-002
tuyong
18539005208
15039346936
18738592646
13461812571
13939930930
15838475762
15981852893
zhangxuehui
13419892637
13849388448
13837242184
13782125988
zhousiyu
15039723532
wanghongxia
13525235209
18637675876
13523257131
13938810464
xuejin
18625506473
13183305810
13782047157
15638851925
15137221712
15139788573
13525766375
xiayuanchun
wanggang
13663063220
13703709731
18239788183
liufanghua
13101776528
13603467222
lijing-001
13673797981
guohuimin-001
15617879623
yanglei-001
15838949790
18903996945
18538078952
13525833878
xiaomingyu
15938592048
lixinya
13693987238
nielijuan
liangshuang
wangwendong
13937932928
13939354888
18613736719
13937263057
18639452827
15237313334
15936525977
gaomin
15083406240
13460958471
13525821095
liuhaitao
15993331078
18937246715
yichenhong
liuyuanyuan
13838750277
15890852758
zhaoaiqing
13253867193
13271383392
13592295231
13148296666
zhouhongyu
15836294920
wangruifei
18003935992
13526193554
15938375655
15290865153
15896829441
wangchenyu
15238129378
13333662521
13703436372
wangxiaowei-001
15139185998
13837673667
15236762626
15518899775
13849959886
13525669197
fanshuangshuang
15936416652
lijingxiao
wangchunli
15893592646
lihongxia
15603791177
18937544667
13782947727
tiancaihong
13939300560
13569281431
15914877496
15565678587
18625355525
chenguili
18737316777
shiyanfang
15138467105
13083802129
wangyun-002
zhuhaijun-001
13839945887
zhizunbao
15224867618
15239599611
zhenghao
15936446502
chenjianchuang
13071738785
zhuguanghui
15978397197
15137173705
shiletian
13673069958
18739136670
15939904867
15837287291
18338336256
18503948625
15903854875
15137365064
15637200073
13782510194
15083064479
chenying-001
13781149353
13603858441
15937037352
licaiyu
zhangeryi
18317519891
13592212243
13569243721
15136200326
15537949054
15838493813
18737736406
zhangxinguo
liudonghua
chenying
15939418858
13838711967
13140477180
zongqiqi
zhujiancang
guojunjing
zhangshuai-002
15936622843
18697796988
15225500797
liying
13525890217
15136857143
15539501562
13137635569
15638996665
13213383182
13949466676
15837435359
18603757076
13333642899
zhaohuili
15937772003
renguangming
13271210559
peilijie
18637943145
wangcong
18937886319
18638486121
13461935130
13014533028
liyake
18639372577
zhaoxiaoyan
18338361139
15037273128
18739888407
15824692980
13569516287
wangxiaoyu
13623994475
13223999030
13700899732
13639651262
13783800968
dengchaopin
13949162016
18937767731
15333856310
15539576239
fengyanli
13839712905
15938394366
18639691991
13193591319
13937737493
13103936181
13781867056
15716548612
18237027056
18736765690
18339503930
13323720197
13949513183
13693749767
15343977188
13837888807
15503775763
18337792676
15936136759
13663015656
13838016975
renbingzhi
18738156793
liangxinxin
15893998225
13837755672
18567170099
15286964184
18337637236
15239087693
15896576572
13419983339
13783835071
13253826909
wanglu
15890038204
18638585308
18739779204
lijun-001
13303770528
liudong
18623757633
13333650306
15039671868
13683958611
18238167338
15890207937
15537373900
shenailian
18236143261
18790227129
13623871552
15037308550
15938172378
15838899143
13183371353
13103898898
13460086773
13839132839
15565480755
15303797646
13526995362
15039028318
18037821194
15838018136
18736734303
13781773099
15937678988
15236092983
13721846856
18736009812
13523008838
wangya-001
15038471228
13523763888
13703477269
15137020375
lijingsong
xinxin
18039977972
13949727619
18939650903
zhangkun-001
15038430555
wangxue-001
15839409690
13523893799
13592514488
13523992648
zhangpu
zhangdongjie
wangtieji
xuzhangning
wanghaitao
zhangxue-001
15090147085
15239361135
18738526554
18639597522
15993818972
13781360088
15838920308
15993305285
13721895996
18638686561
15239430688
baoqingyi
guopei
13849164242
15939901740
18739204692
13525536898
lili-001
18438254728
13503469792
15993311056
13598142668
wujinle
15239859877
15138113321
hanfengyun
15036340970
zhanglu
18239383898
13569117330
15537986898
18538807376
fengyan
wangrui-001
18237319439
13839077960
15037371269
13903974408
13783283985
15939016671
songqian
15978720420
13103722767
13903787009
haojinchao
13937000334
13569934865
18037605687
18623760634
13949401709
13461723795
wangshuzhong
13569301201
18749027298
13949416546
konglingyan
suqingchuang
13603753209
13353698167
15938808060
13849924306
18736376483
15537912438
15538561620
zhaoqiang
15838500968
13633898087
zhangsong-001
15093666918
15188463570
13526877611
songyuanhong
18003728118
13243369730
bailu
15893097078
liwei-004
xuejuntao
13633748175
15539917583
yangna-001
13839420272
13838816457
13782642866
13137277745
15036698992
13383922278
13723222215
liusa
tianjie
15738280879
15896839704
18537932064
zhaoshenghui
13839096448
zhoushentao
13253027178
13283948679
13949671501
15839028592
liqichao
18939256109
13526133464
13723011568
13193558522
liuzhao-001
15836803322
chenhong
15893539530
13673338201
15637990436
13663090526
jiazhimin
13673813115
13592027407
15225463630
13663878212
13525717602
15137331697
lipei-002
15994055886
13903897618
13461713718
shilei
13592608215
13738186971
wangmei
13782049504
18537122608
13693964808
wangdan-001
18790010692
13849355669
13633789643
18039205630
wangdan
13783868158
15938083146
15837275159
18239039362
wangxiguang-001
15639553782
18790164761
13137136669
13949827162
13838057375
15936712969
18638387360
13849607966
15688102225
18237130697
13503797422
13673931554
13613809152
18339407698
18530227656
15039781465
15138044090
15037189786
13721773267
shenxiaodong
13693972060
13592110924
15518823295
18790810202
15937805476
13333912291
15836371952
wangjin
15729039356
13064408865
13781976789
wuyaofeng
13462526751
13303724019
fushixin
zhanghua-003
15194472429
18338857236
13721426554
13017558557
15037192872
13623872643
15038734380
18939699896
18937577803
13608499926
18236396444
18639861508
13937901828
18736826289
13525255802
13783066930
15514823781
mawei
13592413308
zhuyanhong
15343784029
13613726849
danliguo
maliya
13782182610
15978407215
13938008196
13633704759
13213912929
13939762820
18239177561
15238652420
18239091625
zhangcaixia
15893848807
13598741012
13849142732
18625502268
yangbaoxia
15993056579
15893078269
baimenglan
18103989712
15837088923
15937473682
15083186538
18838773309
13782293952
13839336800
xujing-001
18336961992
13937998109
lilulu
13523040312
18272859391
18779873637
15936743681
jianghemiao
18211616819
13938620149
13937274047
13598134099
13849257978
konglingsen
13462145016
13803957197
15837098527
13939729592
13781329685
13243286215
wangzhongyue
15993380977
13148046918
13783840213
15136134200
18739589926
13262006966
15993381930
15893566025
18239022725
13623737682
18790202595
13460839091
15938199326
18749232831
18937708517
15839695543
chenchaoshuai
15896925306
15518263772
13782466919
15518878775
15237688310
louge
15893354971
13949868762
15303957001
yuanshike
15639186628
13069486679
13033979262
18739577653
18239953505
15836499883
gongjin
zhangjingjing
15836873339
15237264965
15538393233
13613726383
panhongbo
15539926646
15639500984
15903971696
13298374553
weiwei
15236641296
13643702385
13603822277
15137934171
13781229138
13782618260
13033937772
huangxiuchen
15036065884
13193892188
13837597857
18790198295
13526085181
15638910091
15836296795
18539216852
13753929270
18037758598
13849560918
xuqifeng
13569216579
13419848364
15936613562
13461764390
13643818459
15036566426
13837352544
13569582152
13460439962
15103887587
15225078826
15637598548
mayan-001
13523392905
18530651582
zhanglong-002
15837631497
15137101377
15836327855
13569234299
15824880843
daixufeng
18937726911
13253382692
15737180168
18236907495
15303776692
18272641205
15139053552
15637501519
13700716984
yangfeng
zhangxin-002
15343794067
15137527049
15237457043
13783282303
18538848378
13837577216
13233757320
18438229527
13673763373
13938653544
13569288556
13569092061
13781847592
13323797768
13703458695
18203859782
18603906920
18203721610
13525198016
13949263699
qiujixin
15729035335
15038590840
18567285758
15021257659
13938070873
13683971918
18240642604
13783089168
niuhonglin
changshaohua
18738722008
15139877965
18037399545
13781329421
wuchenguang
15639879781
18736571376
13721431577
13837898119
15637586099
wangxiaolian
15517235654
13213909620
13939163561
18037879629
15517861702
13939193206
15937306967
13598702620
13723054068
15544288358
majingjing
15837964563
15537028120
zhengxiangyang
15188210929
13598136084
13937929773
13525293899
15890127060
xucaixia
yangli-001
jiyanbing
13569799039
sundongmei
18339276075
15226185077
xx-yingyun04
18530611705
13271263528
13838163717
15838523554
15516498993
15537793919
tvhd
15544321798
13461619161
13213940667
15738223181
15239541287
13633710175
xuelei
niuzengxi
18790124197
tpy4
13938137967
15893571505
15537270963
15938176671
13507663429
13937228276
15083387796
18237745120
18625728298
15939076922
13849241894
lihongxia-001
18348171712
15090110722
18539808599
13213522854
13676938923
13837955416
15237167062
hushanshan
18338668859
13938650408
13839310665
18339225352
15518495500
13592179967
13838717665
13037511625
chenxiaobang
zhouhui
18739143454
qingang
15936580546
15139099328
15515064995
yangjinwei
wangxia-002
18603709577
mengjingya
18903957806
15083256865
13064416919
13017609601
13673608259
15003811569
15664376188
rongqin
15936938251
13939897017
15224971769
18137011029
15737001566
13783734701
18530083002
jinyumin
18737249222
13676970679
wangweiping
13303794646
13782187409
liuguang
13837002002
wanglanyun
15225791883
13273020091
15978450552
13849137218
zhanglijun-001
18240719722
13949357733
houjianghong
15036178729
15516964196
15839925889
18338623006
13073755156
xujuan
lilei-005
zhangpengfei-001
15515623743
15136200951
hehongxia
13939048389
15937873915
15939039601
18272637593
zhangdongfang
15238065752
zhaomingyuan
13253882236
15346253858
15993998159
13683951605
15136128185
wangbotao
gaoyunfei
13290909217
15703978981
jiangwei
15137102875
18625683311
15290812552
zhaonan-001
liqiang
13253336082
wanghong-001
13837690664
duanpengfei
13782840030
13525948402
18864758950
liutongchu
yanlu
renxinli
13949761563
chenchen
18338733161
15893376801
wanglingling
15827171826
15838244133
wanhongzhe
15839643230
15893839280
jibaohua
18439056109
zhengfangfang
15139028066
13525635718
caoliangyu
15518850179
13937250910
15188263335
13069446943
13525698017
13633830742
18537085181
sujunpeng
liqina
15537058830
zhangsong
15639168391
13643712028
shengnan
hewenjie
18838200070
duanyongcheng
huchangliang
liuyongbin
pengtao
15893036303
niuwei
15138005088
zhangyansheng
15936732725
13608676136
15993053399
15037234707
15516381006
xuang
13613905273
15093381351
13838790693
xx-yinyun01
wanghongyuan
caohongxiang
15239675955
18739466588
15937641073
liuxuanwei
13683825821
zhouyangsheng
tangxiaohui
13837324028
13461546427
liusujuan-001
13837299737
duweili
weixuyang
15837511414
18939302108
yanzhiling
18039600552
lilisha
15836089576
13303878177
13462277738
13283000709
18503813032
18623876832
18239425992
15890484615
liguoqiang
13938187772
13837328164
18639791089
yangmingqing
13663949031
sundongliang
cuiguixia
18238668834
13938523990
licaihong
15639905283
mabo
18336901265
13598113523
fanruina
zhaojing-002
15137672208
15093906120
13838902993
18137327909
tianmeng
13782585930
13782676693
18037679553
liupeipei
15090331521
18937216711
muxiaoli-001
15239025168
18272838559
wangyan-001
15093865581
13193894996
13723156130
15516617052
13939961568
13781985429
18638576435
18537205279
15039362446
13030322303
zhangfang-002
wangyong
18539357280
13203939215
15838139853
13839584926
wangjie-003
18637210855
18638767087
18237432519
15893802229
15838907600
lifang
majiangtao
18937617406
xielinqing
13937425084
15937722435
15617862063
18718971899
15037124918
15136102507
yuanxu
13837055502
18530699022
13783716017
18537939900
13613747468
13781505616
15090515119
liulixia
15237312747
13393921517
15690602159
13938301625
15188586668
15836106794
15670561796
zhangjing-004
18568222508
linzeyu
15136968728
15837021695
zhangzhiqiang
13849371457
zhulili
xuchenlong
13243072561
guokeming
libin-004
18236965156
tpy2
15836567672
15893889593
13140481182
13849224601
15136014452
15333939298
15737037175
18240710217
18568200761
13526281577
13215999268
13826880408
15294876822
13903974275
13838774035
chenwan
15518628666
13938710639
15639310582
louyuanxin
wangjuan
lifei
13673676955
13949091972
15537740402
13629863392
13569108115
13569101715
15136949613
18639107219
zhanglong-001
lijinjin
13783679068
13462294620
15139363103
15238104476
13937344502
zhangxian-001
13462457404
13683931033
chenhuijie
lvjinjian
15893838519
18637662366
13623975022
fenglianrong
13513853908
lushiji
hemengqi
15993084801
15937331588
zhaoxinzhi
13782317857
15136269850
huafei
13937213175
songshuguo
pds-yexian01
13598733557
13462393806
13783878672
13526089311
18937234545
libeibei
13733175213
18003935972
13721731349
13598699283
shangtiesheng
wudongya
yuanyiyi
15937308763
taozhen
15911099873
zhaojianshe
15236698518
15993807978
13782799110
13703901931
shenguifang
18339275901
13403787552
13837676059
13037523205
maxuemei
songwenwei
13523334792
13937140950
shiqipeng
13137011258
liuhailong
18538536868
13140438568
15903079859
15837265895
lizhen
18626648713
lixiangrong
18239373186
wangyingying
zhaochao-001
18739748083
wangxiaofan
15837147066
15093377450
hansongtao
13262030168
13839274662
15139381188
13148216465
15343721121
15838577703
15639380121
13849409685
huojianmin
15836067179
13949925532
13781673923
13526132504
13525412922
15836405092
gaoyuanchao
15138607562
hezhiyong
guanchangqing
zhoumin
15713676168
18339837862
zhangpeng-001
zhangxu
15836245629
18736549860
15637741656
15083256877
18790768565
15993989806
15837406384
fusibao
13782074373
15838183634
18538011363
15824616477
chengqi
libaoxi
13663734959
18839817069
15239694869
13673040393
gaojian
13525095595
jialuyu
18749512754
18749929761
18838111281
13203780888
wangsixi
13461638926
13569888495
15290872218
18003728112
15518871970
13598686878
13290829621
18625515018
wangjungang
yangfangxun
13526580439
tianhongmin
18039535556
15537267683
baihuiwen
wangzhenkun
18336090859
13507627073
hanhongguang
13653705533
13838532629
15036129516
liulie
15836858001
13460003315
15737758813
jihui
zhuxiaozhi
13613960671
13849006239
18317570649
zhangjunfeng-001
fengbin
13033781978
15993061372
15537668544
15225227527
15516979966
15037453515
zhangxiaobo
13803734967
18739006153
13569179399
15837155864
fengxiaohua
18790024509
13683881368
18437203243
18537704266
13193970506
13290776913
18185075133
pengzhenwei
15937354140
18303876611
13569035507
13663039065
lumingtao
15518323010
13839324257
15136936255
18521351517
18103966985
18937200149
13849182034
zhuxuetong
liuxiaolan
lichao-004
13525690472
13949987812
15237647019
13608423357
13298121762
13938712968
15188256413
liushufeng
libaorui
13849009901
18623783975
18237512369
15537201063
15836321889
15236733105
18239528000
15837954396
15294745693
zhoujinti
13781521312
13598782567
15839120168
13213275105
youxuewei
13383722965
18103957677
15838878366
13837743791
13613772522
15090091881
18238154882
15083305233
huangyujuan
13949157549
15517666397
18003716373
15236411154
15138721049
guocheng
13253942518
18637597976
15539732002
15638123620
13271273138
13838137620
liujia-003
15670339101
qiuzheng-001
18338003699
13803834725
13903877727
15139939025
15139939025