Guest
zhangsijing
15936544420
18238585326
15090628549
18638359548
wangbei
18637367058
15090091655
18568222508
hanxuesong
wuxianguang
18736627802
wangxiaowei
13603407839
18937544667
13782838051
13460958471
15939322285
limuzheng
15037080337
liucaihong
15737068347
chenghongyan
15237127499
15518637993
15238354222
xuyuan
fanshuangshuang
13569664812
13283722841
chenyangyang-001
13938990718
weishuo
huangjing-002
13503467458
15503923297
13503886974
13271087772
13937770101
houchenliang
18937216670
13937737493
15038126932
liuliqing
15537058830
huangwei-001
13949729619
gongjin
13783800968
18824240729
13938306952
15203895029
chenruiling
zhaomingyuan
13949384618
13460819508
13703941119
18537704266
18039263700
18039351333
13949545846
zhangkun-001
13403787552
13783802634
houchan
13462569298
zhaosasa
zhangyansheng
15994148648
15936770568
xingjunying
18240532076
limeiling
lishenghong
18790828256
13623994475
yuanyiyi
15738724643
yanggaiqing
13938230168
wangshuzhong
18697707785
13523053986
15038711643
18639516315
15039377723
15893524005
13213927051
15038119370
15670150977
18336674802
15836332597
18537247628
13103936515
13839776070
shendanhui
15037258235
qiujixin
15637741656
15290052388
13783893806
13283843122
15093918344
18736633630
daiyanmeng
13783865730
15939882188
13949543261
13193874518
sunxuekai
15544372050
13503899077
15994111917
18625933095
15824880843
13839826334
15239301508
15839890863
13193975662
13623728239
13849383387
13383922278
13938596323
zhouyanchao
13937023332
13839312727
15539887205
15670572299
15093993879
18203859782
13721759938
13513910659
15716633974
18638810981
13271263528
wanghong-001
13700840728
yangna-001
15236092983
dujuan
18739888407
13782282580
jiaoyongxing
dengxinya
liujia-003
13703424318
13523304968
15539042766
15225385765
fujinqi
13837328164
tiancaihong
15936858871
13623993861
xiayuanchun
gaofangxia
13393968682
13462689693
chengfeng
zhuxiaoliang
15037778568
18317639830
13525313632
13619874914
13837218969
liqiang-001
15803726335
hechangqing
13403929996
zhenlingling
13783174866
15603934946
caohongxiang
15839335630
13938316183
15565480755
15938102135
15716384249
13839256303
18937218099
18937257694
wubo
15896884750
zhaoqiang
13203932988
15837685078
15238902570
13569098540
kuangheng
liangshuang
18623883365
18303998066
zhaoxinzhi
13939241333
15136936255
15036260501
15136949613
13137152321
15225953660
15083273855
13643984682
guopei
shenchunhe
lihongde
15538777603
hansongqiang
13290776913
niushujie
13523992648
13939931165
zuobin
15937645093
15978302878
hanbingxue
18739136670
lifuqian
18224556150
liping-001
zhangxiaopeng-001
13525669197
18613756117
13782047157
15688122057
liujiumei
13783539387
13703857760
15039823697
jiazhimin
15936187687
15690899983
15038687240
15139472506
13271387626
13673069958
13101776528
13949357733
18037605687
zhaojia-002
15838852425
chenqingyan
13839096448
xutengyu
13569439816
wangdongxu
chenziang
fengshuai
13782238564
lili
13569654499
hemengqi
lixiangfeng
15236439918
15993198686
15839718789
18239343729
13462875597
15137210502
lipingjun
15603878961
13403930177
qiuzheng-001
15936081756
13938508059
zhanglijun-001
13461663501
15517763738
13939300560
jiawenbo
13343787588
wangjun-002
13569047910
13383921285
15083478809
13653844259
13525854608
18272782971
pengtao
15936718726
15188210929
13939762820
15093955017
zhangguangchao
guolong
13839928079
18567170099
hanjingjing
13613905273
15670198701
18937788786
13703967296
fushixin
gaolei-001
18737033445
wangqi-002
yandonglin
renguangming
15893539530
15936125317
chenhuijie
wangxue-001
18736686072
13123751626
13503432343
18236721771
zhaowenyan
tuyong
13030326568
13839915686
15239363987
13938954709
13783039697
wangdan-001
13837009204
13523040312
15937354140
18537085181
15993465077
15836127261
13937722757
hanfengyun
13643818459
wangcong
wangli
18530820379
18939294277
chengqiuju
zhangli-001
15978815115
15937625061
15537668544
18838116339
zhangyu
13838170489
13033897469
guopeiyun
lihongxia-001
13693987238
18238487791
15565647114
15538282765
13903974275
13526089311
15136081811
lichen
13849720696
13849772302
18238476311
15137979386
15093190879
13071040005
15346253858
liangzhangcheng
15893839280
lichunlei
13569357194
sujunpeng
15839897012
15639392081
15839187244
15139235811
15637510685
18239652638
15138574901
18939672800
15239675955
heshuaishuai
13903915229
15938550945
18603717763
wanglanyun
ligang
13525235209
xujian
weixia-001
13838774035
15039671868
13253067628
xiaomingyu
18211872117
18937940586
13569322202
yangmingqing
15238111828
18736898997
duanyongcheng
makaidi
13849113918
15993943613
18790164761
15003842007
yuexiufang
15837287291
18272641205
18736867525
13782998222
liangxinxin
13849974236
18539808599
18638951116
wanglei-004
18039592900
15565660250
liubin-003
15138607562
13937292784
13939685585
13253882236
13663799782
13343696867
15136254577
15993998159
15503897940
songmin
15938850602
13938652666
18236790657
zhuyaohui
13663015656
13462294620
lijing-003
15137101377
15837596279
xiejiayang
18338560617
huangxiuchen
13939897017
15138005088
13849006239
18637662366
13569601931
lvjinjian
15936885049
liulan
15837743066
15837631497
15893566025
13409243130
18003932978
13163845521
15093519897
chenyun-001
meijing
13839388950
15938048194
13213522854
15893889757
18736549860
15037063210
18639262633
18790468651
jiangjie
15239430688
13569806736
15093102797
13938483949
15225068305
13837733477
15037108913
15703978981
13623748213
gengyuxing
15038110106
liulei
15083256865
tianjie
15515197565
13849182034
18838200070
13243294649
13233982437
zhoushentao
18339225352
18240778291
18337465738
18625826161
zhuying-001
15890127060
13838137620
zhaoruiping
13526622027
15837656636
15037375988
15139455789
18725515018
15937308763
13503775241
lihongming-001
13598751897
13461935130
13403822624
18339348886
13323797768
zhuxuetong
daifei
18738302195
15036001256
18300726779
13137797760
15639380121
13462436959
zhushenghua
fenglianrong
18736571376
13526034611
zhaozhiyong
13782737025
13837395212
18937582020
13663824668
13838267129
13033898972
15638851925
13525948402
13723150981
13273070128
13523211677
liangyueyun
15893077692
niuhonglin
18738371286
sundongliang
14788273790
13569101715
13569243721
18790227129
15937910243
wangcui
gaoxinbao
18749658847
13592308978
13838930063
15093387722
wangyingying
wangxiaofan
15036222247
18625888336
15836937803
liujunli
15537740402
15237677937
zhouqi
jinyanmin
13837690664
18339837862
renxiaoning
13693919559
guojunjing
18567163293
xiaochangshui
13526448816
wujinxiang
18737113476
15516617052
13939290105
15896633593
15937442648
15937383700
13233757320
wanghongyuan
15937331588
13353632051
liuzhenli
huheting
18337174994
18790693958
13949792833
niezheng
18317721686
chongqiuxiang
13781679609
15837275159
18837232615
maxuemei
zhaohuihui
15978461850
18638585308
13598226887
18737259377
15938057252
wangzongrui
15729035335
liziyue
zhaocuan
18530552789
moshenghui
15936416652
13938187772
13462670131
13673540180
13373995646
18603918580
18239953505
13461546427
18103966985
xuelei
13137185988
18939092388
13949487779
15637598548
18037020627
18439572075
13939984996
zhuhaijun-001
cuiguixia
18272958062
15093476707
chenxuefeng
13233979070
liuliang
13462347045
13938653544
13781079165
13525365332
18039535556
15890038204
18736189311
chenchunyan
15890804003
15893323007
zhouhuali
15838527951
lixinya
yanlijuan
15836377222
15516003831
15083165928
15139437619
15803998634
cailubin
15839856843
zhaohengyi
15090331521
15515623743
yangjinwei
13837368948
15637586099
wangchongbo
yuansong
13525844989
13733921307
15824616477
18736722592
18238107902
yiwei
13323758298
18237758633
liumengjun
18638018130
15690819698
lujing
15138042811
15237791320
lihongxia
15993852521
hejiaokun
tianxiangli-001
15638679311
zhangyuzhong
15239361135
zhaoyanhong
15838899143
13503460755
18338373877
tangxiaohui
zhanglong-002
wangmei
gaomin
tianhongmin
yanzhiling
duanpengfei
15083406240
18530662797
13526237001
15664376188
13460800929
13782756407
mayan
konglingsen
15090090118
weixuyang
jianhaitao
qiuhaitao
houjianghong
13939986559
gaojian
13837538850
muxiaoli
15639281615
13525095595
lizhen
suoqunying
18237347139
13937250413
guoweifeng
15670087750
13513989113
13461824666
yangchen
15544288358
18838116326
hansongtao
13783236885
wangsixi
15565546046
15138073525
15560150418
15978450552
15503775763
13782510194
18037397836
zhukun
jinyan
15937921254
shanghaiyan
zhangxian-001
yinxiaoxia
18625656177
15237324612
13803928890
13663878212
13939479302
gaofang-001
changjiang
13723052939
suruina
13603761646
15039940069
zhangsong
13523037679
18272767319
zhaojianshe
13703458695
houyongli
13333970303
15294685411
zhangjiajia-001
huanghufeng
13525554627
13140000638
zhoujinti
shaoyinqing
13703472891
15093906120
13949761563
hewenjie
wangxiaolian
zhaocaili
15039050525
15837102928
15893297470
13937335227
18303607505
13592514488
18637597976
15993380977
wangyizhu
18237051515
15890705559
hezhiyong
18737613536
15617879623
15239025168
13461116200
13526988181
13633894256
13619861198
wangliping
yanjianheng
18637499861
yanghuimin
15039757565
13837982805
wangruiying
hushanshan
xinying
15139618137
13937754777
13693753358
18736046829
18937234545
chenxiaobang
18238583066
13803834725
13213064587
niebotao
13839738980
18538582695
15639766108
15936989638
15637692717
13140007511
zhaozihui
zhangpingju
18037758598
15565207786
zhoulijun
wangyan-005
15639186628
15189338860
libingqiang
13837289521
13526124823
13938137967
13513728716
jiaodongliang
qingang
13937272048
huxiaoyun
13781521312
13598109197
13140438734
15939169998
wangxiaoying
18568810656
18238553131
13700788941
18238167338
18625350626
15537203212
15690602159
13949972786
liyaya
zhanghao
zhuxiaozhi
15837216935
18838175269
tongjianbin
15290311906
liuhailong
13569044131
15937518137
15237365686
13460912067
13703802499
15603733885
15539359123
15993158239
hehongxia
tanghanxiao
hanhongguang
zhuxiaoyan
qianyifang
13461931554
13838816457
15225821575
13383872783
18503805095
15639891942
13183399077
18103966965
13782621197
15544352952
15038102221
13033931616
18338003699
18697355735
15225159768
15290586029
15514831960
15515069777
18439615995
13781670165
15837668208
13838766325
15038430555
zhanglong-001
13462277738
13592630077
13569786366
18238662686
15938731389
13623872643
15237599903
13839691292
13837324028
15936501845
13663066571
13782531510
13782917523
13838516003
15896619785
13938613089
13033751919
13084277676
13939586598
18237077678
18137367506
13526907539
13939389710
13137890036
15503878066
13803704083
13033771566
15083276657
15237515667
13598623233
15838237716
18790986583
13460439962
13525970898
15203953827
13653950563
13938301625
13837286580
13839750965
zhangliying
13849871971
13839340821
13803858875
13803858875