Guest
15237185689
18237079190
15090515119
13781836558
13849337732
18736633630
18211971168
15896862890
zhaoruiping
15839074735
18439310918
18737113476
13403737774
wanglihua
18539310706
13140000638
18937025136
15236455198
13673458441
13592194476
13838639549
18625678153
15896576572
13837648310
13598813664
18768992838
13523722171
13949955873
13608491900
13513911625
13592295231
13949292538
13949663111
13569673978
13283938202
13460700625
15838515185
15203757559
13939863063
muxiaoli-001
15517855343
13323807832
15836499883
13633899441
13460972988
18790866705
18790904535
shenailian
13949612680
15236628030
18103969985
13939645699
13939181977
13460912067
15036340970
13525057832
15225921267
13838652716
13938012663
13837982805
13781869181
18749120304
18739136670
lirui
13598644731
15518899775
18211616819
18348378370
13592358948
13837286580
18937544667
13403787552
18336961992
15896644026
13462569298
13323675354
13193532448
18738635188
18236143261
15903900011
13849974236
13639688456
18939256109
yangfangxun
15503775763
13938829532
13253302875
15836803322
fuweican
13523257131
liujiumei
13703941119
13525872537
zhangpu
15993422923
15994169261
15936682431
15639879781
15517388950
13071792649
13838251628
xiongyan-001
13937872178
18790986583
15836076679
13781270687
13523328004
13343696867
13598390365
15838596290
18203685955
panhongbo
13137960439
15649574285
18736867525
13460819508
15638197631
15893848807
13837076527
18737236015
15836142635
zhangxu
18336971119
18037661116
hanhongguang
15937772003
13030326568
13707670560
18839382838
18638385651
hanfengyun
zhousiyu
limuzheng
15537079876
wuyaofeng
xuelei
donghaizhen-001
13939986559
13783896723
15839526565
13569322520
majiangtao
lihan
15537092332
13937901828
13783875581
15137210502
15993586408
13781532728
15893980939
15136128185
fuxiaoyan
lirui-001
15239511885
13526306670
13353632051
15836932471
chenxiaohong
15137723752
15539592527
18637344422
13525635718
15518495500
18238498862
wanggang
18790543700
15936684805
13295031177
yilin
18539005208
18790284774
hansongqiang
13525225083
15836822626
jinlingling
15036486180
18623876832
15903971696
13461116200
18864455799
jihui
13721756156
15637398066
wangzhenkun
13513722180
wangchenxuan
xuting-001
13619833898
13137437282
13409212389
13849261530
15518637993
13262197271
15837082303
13137309577
15937502652
13233979070
13783802634
18603991577
18739568735
18537247628
18638873997
13938060637
13084226933
13525636470
15537267683
13782226228
18937415279
13782219226
15136855893
13243352318
xinxin
15037431842
zhangweiyao
15803726335
15637935155
15890316949
18039255508
13503447968
13569373365
youxuewei
zhangguangchao
13598750786
13213064587
15670458799
pds-yexian01
13461656865
13938680762
13633737827
15993887351
13939350141
13513922568
13103908581
13703489320
15514792199
lihongxia
yanzhiling
15890543399
15993381930
15993951311
13461777758
15839028592
13937314164
18237319439
18303890853
15839367499
15903952700
18639996797
liuhouquan
13403917897
15136269850
liucuiping
15893858923
18539363110
15093651290
15994111917
13373713217
13137955881
18336433910
13803834725
13526995362
15239444909
13838000673
15037258235
18639170009
15093993879
18137246408
15039958952
18603906920
15515947602
18697312127
luzhongling
18738200608
15637977691
18303935083
18236868665
18438740803
shaoyange
guojunjing
15639380121
13243369730
13027515571
15139955395
fanlin
15937574402
helong
18738118006
13526982298
15518572687
13938230168
13569865989
15139618137
15518730993
13949750500
15238626873
13393866656
13903727375
dujuan
13938689766
13193514566
13937737493
15937020128
13613905273
15993535729
15993053399
15893135164
13693734972
zhaoshenghui
15993204203
15836991178
15003858076
zhangyuxia-002
wanzhenhua
13703477220
13938137967
guoting-001
15837956674
15893839280
18703630623
zhuhaijun-001
13333764822
13373713312
13598759885
15238772066
18637841411
15139185803
18567729535
13839684886
15938048194
zhangsong
15903933905
18639329077
13721724649
15236397709
liubo
15939502195
15537938281
houjianghong
chenziang
13783866595
18272771578
13949782205
15993008004
15716384249
wangzhongyue
18236593816
13939164293
13383921285
13083859674
18613736288
15993937858
13592156509
15083187883
wangjian-001
liguoqiang
wanghui-001
15238619875
18637235917
13782585930
liweidong
13223999030
13723222215
15937805476
13525412922
sunjunjie
18736370018
13838827760
13938306952
13839557883
13803720604
18240728667
15938681089
15333877713
15037070203
15978604311
13569544260
15517283603
zhangxue-001
15290865153
13700727587
15937625061
13721895996
15890102420
18203721610
18317721686
liujia-002
13782311874
18749776903
yangmingqing
jieli
18339518813
shaoyinqing
18790868209
xiejiayang
15518870726
13849720696
15037097266
18903782134
lixiaokai
18339606928
15639150828
13513953465
18238191677
13723180502
songwenwei
13782663096
zhouhui
18238813789
houchan
13122701872
13503834007
15538900552
18137011029
18736171987
18567170099
15538561620
liuwei
15036395918
13526089311
13569089630
15538567934
weixia-001
13839456279
yuerong
wanglei-004
15093568763
liuli-001
liushuiying
15238902570
18268612279
18637915818
13937292784
huanglu
13333970303
15690602159
15838899143
liangyueyun
zhangfang-002
13213335681
wangyong
13782676693
15343739839
13193627909
guohuimin-001
15225078826
jiangdongyang
zhanglijun-001
louyuanxin
15936372228
liuxinxin
13283843122
18738806943
15037076867
miqi
18937825400
liuyuanyuan
18639068247
zhangchunli-001
zhangjunfeng-001
caojingfang
baimenglan
zhanghao
tuyong
wangdan-001
13838016975
18939699896
13653978906
13849992612
15036718671
xutingyong
huangyujuan
xingjunying
18737033445
18939306820
gaofang-001
chenguili
18939302108
niulingyun
shenlimeng
13592204190
weitao
15090091881
sundongliang
18638951116
liuyuanyuan-001
zhangpingju
xuang
lijianfeng
15703978981
xucaixia
13723171479
dunwei
zhanglong-001
13838629579
wangbotao
18603767604
15803704425
ruihuiyun
15237127499
15537058830
15938351336
fenglina
15981871336
jiangjie
zhaowei-001
13623863507
15637950675
15824773557
niezheng
zhangyansheng
hanyanhong
15937037352
13137030817
lipingjun
18739939883
15838558683
13526683840
15138793832
13525762223
13783210418
shangbin
13721742416
malihua-001
13849267026
15716665166
lijingxiao
liuhua-001
gengyuxing
13403822624
13849418110
yanlichao
jiaoyongxing
zhanghua-003
15224971769
15637052820
13781958522
liqichao
haibei
gaowei
18736826289
qiuxu-001
15238574610
13462759649
15837583551
15136618020
15936175995
13083768860
liangshuang
baoxigui
wangyun-002
xingyan
18003770668
weixuyang
lijingsong
zhangbin-002
13673880396
zhuxiaoliang
chengxuelei
yanenliang
13461764390
15539485188
renguangming
13569554467
xiena
yangbaoxia
13781573803
15565009137
wangyange
liangyujie
guohongxuan
tianxiangli-001
15239896031
zhangshuhua
zhangdongsheng
13598346583
gaoyanli
13643873673
13837328164
zhangshaohua
18697707785
fengbin
shangfenhong
13783283985
13103723534
zhangyu
xueyuan
13598731892
qianyifang
hewenjie
13673889846
15138234593
siyanan
13403863696
liushufeng
zhanghuimin
18738011717
chenchen
18236609827
13937770101
liupengfei
zhanggaige
15565209201
pandeng
lixiaoli
liujing-001
wangwenlu
15537986898
18538807376
13253799570
zhangxin-002
songchaohui
zhangjingxia
libeibei
hemengqi
13837896590
13949729619
wupeng
13939984996
wangshuai
zhangjianling
15981852893
13014751370
13017538536
15836089576
tianmeng
huangxiuchen
wangbinjie
15303913011
nielijuan
15893571505
13262127107
tiancaihong
guoling
15518212121
wangruifei
liqingyuan
13525608520
sunyawei
15290090035
13346875799
13783111937
wangdongxu
15137895595
13603407235
wangping-001
cuiwei-001
15083256865
15890119311
yuanyiyi
15239989993
liusong
shenxiaodong
18537278595
jianhaitao
13569098540
limeiling
liuhaitao
13462787195
liulina
wangxuan
xuzhangning
sunjunjie-001
18037679553
15093748171
18737096881
13839831642
15225809817
15137572689
15290153180
xueying-001
13939479302
15036387706
wangxiguang-001
qiuzheng-001
18037638522
13213909620
lijing-003
15294971276
15038262903
13613874919
18639273335
aifang
chenwan
guowen-001
zhouxiaoyan-001
13721785366
15893763175
15517695500
zhaosasa
hejiangnan
songshuguo
15538867030
13837291697
15238389740
wangboyu
qingang
13663863372
13513989113
linquanguo
jingli-001
18238487791
13782215156
13460912318
xuting
duhongqi-001
13938625225
18537085181
18638387360
13503431521
13215999268
15039569792
18739369656
13783372569
18537122608
13663022545
15838500968
18003932978
15237149030
13949542673
13014533028
baiyu-001
zhaoqiang
guanjingming
18749512754
zhangxiaohua-001
zhuyaohui
15137495500
13213522854
zhuxiaozhi
18638486121
zhangpeng-001
lichen
15225281723
wangjinhua
houjunfeng
15225482980
18037726638
15538857152
yuaixi
15538642242
wangyizhu
15294930997
13592514488
13623785090
13839738980
15637741656
13663878212
18337900919
13939897017
15937328241
15837099089
13839141721
15939169998
13072603883
13592364268
chenxiaobin
wujinxiang
15037753756
yueru
dongyan
zhangyuzhong
13569492684
13623872643
18580359720
13037523205
13525095595
13569844865
18037605679
huafei
zhoushentao
jiangxinfang
zhangxiaoqin
15938102135
wangbin-002
13949545846
13526710589
jiangjianping
13346677727
fushixin
wangjia-001
wanglixin
zhoujinti
liumengjun
15937002378
wangya-001
renbingzhi
13837304482
15603893114
manana
xuemanjun
18137503749
13782799110
18239383898
zhouweiping
zhuyongchun
15225821575
baijie
yanghuiyan
hushanshan
18637329656
chenying-001
18338600186
wangweiping
duanpengfei
niuhonglin
15136936255
13837002002
13525313632
13937250413
18637210855
13461935130
15544476303
13939389710
yangchen
18790755753
zhaoruihuan
13223941912
15903818665
18037628701
15138042811
15936758728
13193536964
jiangyanyan
13271008707
13525698017
chenmiao
15837241642
18937667211
13014539887
wangyuchuan
13723044180
15617122158
13525948402
15836440671
13838405309
sujiwei
18438229527
18538018544
15803736213
13084277676
13137277745
15893838192
liubaisheng
13346833336
13849734863
18337990093
15136269688
15713676168
13653851827
13837517813
zhaowanwei
13639895665
15036623753
13343787588
13525999986
15936208680
zhaozihui
13523167026
15939701985
13693753358
13462294620
18240653107
libaorui
15038357461
13663747869
18637868521
18149208637
15036289913
13939399579
tengwenxue
liuhuizi
13271387626
15225953660
13643898038
wangli-001
18839940006
18539392909
15538886114
15737314542
15937038731
13633710175
15803708186
15139506271
15239363987
13523897298
15139912138
13837280108
13525719879
13592387323
fengjianlong
15539716188
13526697461
15839890863
15516570764
15037453515
18336484106
18749203326
wanghongxia
15936712969
15939969581
15514532076
15603791177
15690817878
mengjingya
15903069071
15994070956
15903740993
15136330633
18238035866
15537740402
13937067679
hechangyu
13603433338
15836106794
18937922221
13148218111
13607614824
huangxiaojing
yichenhong
13137403292
zhanghan-002
15139143861
13243076623
15837884561
15993718438
15836332597
15544028211
wangdan
guopeiyun
13569867030
13409221213
13839769998
15139159500
18939650903
lifuqian
13837028911
baihuiwen
13839381157
simengrui
15139710383
15139099328
lumenglie
fengzhanhui
18937918806
13461029811
15038840272
13503442925
zhangdi
13693964808
13525227163
15993038092
13569047910
15903052387
18237007460
13419983670
13849517365
15139519531
18939209678
13569357194
15836334796
lihaopeng
zhouhuali
wangxiaolian
15836443678
15838967323
15838568279
xiaochangshui
15824616477
15838949790
yinxiaoxia
15937383700
15226128704
13782713686
15037911603
13523633766
zhangfan-001
18339356929
15896925306
15994148648
zhaojianshe
15893241750
15303873096
13513927572
13193524591
13663947966
15137091751
15237216041
13513947099
18736571376
13333933326
zhangyanfang-001
18613736719
13513938169
18568200761
13700831018
lilulu
lvxiaoyan
shixiaoru
13937023332
wangrui-001
13939048389
fangjixiang
13525890217
15993331078
18238985563
13243208113
wangxianli-001
13569483775
15136858156
15839293195
13513742832
13937658062
18103957677
zhaozhengang
malihuan
13462347045
zhaoyuan
13603990217
15236092983
15837461623
13137516877
15893847598
13839064556
xiayuanchun
15236215119
chenxuefeng
zhangyucong
15514823781
15639106618
13782047157
15824706558
18625857283
15225240081
mateng
13507627073
13569044131
15893091821
13781679609
15939315969
jinlina
huangke
15896839704
hanxuesong
zhuoyue
haoxinlei
13837046776
15290742997
15837436613
13603751050
13849352323
18503720575
liyake
15333972100
18236055281
18738151837
15993045435
liyue
13503434701
15290551529
18338439788
15896633593
15036666115
zhaozhen
shangguane
13838883865
13213906226
18749512528
18239431429
18737357710
13839312727
15238571369
niuguanglin
15090556616
15537935889
wubo
18639855937
15737001566
15939967859
15896884750
13837277305
15139472506
18538389550
13633708671
jiayanmin
13598136084
maxiaodi
lijing-005
13949605683
13673608259
13803769489
luhaizhou
chenyuanyuan
wangmingjuan
13403791802
wangxiaowei
13569944550
15249736683
wangchenyu
shiletian
heruixia
18530552789
zhaojing-002
13523237854
15837265895
zhaocuan
15518871878
18239351079
15003703511
15138512588
18237422339
13461702033
15136525516
18739577653
15937385243
liuzhenli
gaoxinbao
13781384836
zhaoyongjun
15290086739
13353767286
kangshehui
15237485791
13949253583
zhuguanghui
15037431783
13523040312
15039028318
15837685078
13938070873
wangjing-002
15514713599
chengqi
13193661099
liqina
15637341221
13949487779
songpeng-001
shiyana
18239091625
13193955656
fenghuimin
15037652656
wangxiaoyu
lixu
15837626153
zhaohuihui
15936463245
15978647864
15136782256
18837868081
tianjie
13461759715
zhangweibing
13525627822
fengdazhi
13653889652
guoyuxiang
18537094139
15836377222
liuguang
13781360088
18790227129
xx-yingyun03
18637226880
13839846899
13663011910
13083899758
lishuai
18103957775
chennannan
18337456578
wuchenguang
15890124577
zhuyongjie
liqiang-001
13783174866
wangzhiyuan
13598657870
15637371317
18337117791
yanggaiqing
13837079768
15226085008
13569301201
baiyun
15093906120
13949294967
15539729589
13303891140
15893280125
18738298842
15824935558
13613909054
18937539931
18790031700
18736228875
15937910243
15516003831
18339225061
13721783812
songmin
13939341184
15290961177
guoweifeng
18336410946
13783800968
13938613089
haojinchao
15639136986
18676355298
yanhong
lvxianglei
15303797646
15137101377
15039903188
liuchunsheng
gaomin
daiyanmeng
13837242184
15637686129
wangyanan
13525262302
13526954687
15539251133
13503797422
18338932930
18237382825
15839283743
15083032830
13781634760
heqi-001
shanghaiyan
zhouyangsheng
13569302752
wangxu-001
15037308550
huangjing-002
13525049933
15978333074
13837147663
13598390377
18749499591
18238582787
18237381119
13949401709
13409243130
15090252191
15937601379
zhuyanhong
13569061195
18939294277
13462250653
18625926659
13781683813
15837388230
15637976803
15660124592
13839164485
13213979517
13526208106
13938069361
15637586099
15516053688
gongjin
13781919622
15936782529
13033937772
15039306576
13782840030
13071776623
13903724006
13333912291
wujing
15137802853
18638752668
zhaomeiyu
lixiaolin
xuqifeng
15537351809
15539111443
menghewei
15236641296
15836314992
15038119370
shilei
13233757320
15937990857
biguangming-001
13653950563
lihongxia-001
15290348095
15837275159
18790425957
caopingping
xuejuntao
15537668544
13698836965
15290028475
15517282438
13523723021
15936501845
13503886974
yanglei-001
18236721981
yandonglin
15836146055
18239373186
13592033132
15936664036
13782947727
15936512789
15539136053
15039529297
13623994475
13598553128
13243286215
15838786790
tancong
13673790081
15737758813
13703891530
15637347527
13783095479
18639261946
15838577703
13643934738
13663015656
13592057020
15090064392
13525554627
13513910659
13148046918
13613849172
18638585525
zhuhedan
18603862896
13663970368
zhanglulu
hezhiyong
18537399369
13273767210
13513768865
13233925043
15346136660
15893003595
15839365867
13782710362
15036698992
13837536693
15516498993
15237876008
15139300593
13839679922
13707621415
15517531306
13137672096
15203895029
15238902470
13461303418
13523399203
15136003802
wangshukun
wanghong-001
15938820672
18240783160
13513943558
13461638926
15515064995
13839096448
15803913394
15090188613
13271087772
zhangruimin
15896668412
shizhengyang
18272641205
zhoulijun
18537932064
chenhuijie
songzheng
maoyanan
18623883365
13333880910
sunling-001
liuliqing
15896800556
15239996761
15729256669
13937813904
15978397197
liuliang
13148060403
13703978725
13503914754
13598882654
13673398369
18137406877
15939339811
13838796924
13939336633
15503967817
18039351333
15978699640
13393968682
13103701037
changjiang
15936926259
18937886319
13782320958
18637662366
15937299825
zhangkai-002
13663064986
13526938380
15236411154
13183222552
15837901709
15936743681
liuyafei
13223859899
15137020375
xuyan
13839966782
huangfei
liucaihong
18135717177
fuwenlong
15938995051
zhangpengfei-001
zhangxian-001
wanghuiyong
zhengxiangyang
13507610889
18803799808
15221596202
13460747337
15203930863
13939150583
13419872864
fusibao
13164355938
shiyujuan
15136802266
18530912969
13838854674
15136099059
13673522407
18567279585
15036019687
13673578331
13938192240
13071738785
13462299860
15346102379
15303946048
13839340821
13693972060
wangjin
liangjingru
13033863614
zhangjialin
15539042766
13460031758
pengtao
15239576108
15037080337
13839420272
hehongxia
13693749767
huanghufeng
15090259676
13083870006
15239361135
13838891202
15737506778
18237051515
13283084078
wuyao
18738928881
liquanli
15083361538
13837743791
18238611581
13598388960
gongjue
13526052174
13213463185
18738922282
gaolei-001
15237688310
wangxiaowei-001
18211872117
15514468989
lipei-002
15237370682
18339225352
15617801959
18838200070
13087066581
13193970506
13839388950
13461237980
15839118971
15565207786
18236293725
15136907356
15503823413
wangxiaoying
15137148522
18503983068
13213927051
13849402867
15617879623
zhaochao-001
zhaoheng
15239460399
15896627875
13683906653
13213391117
13723215212
13608633901
13938536530
15938607317
13598397978
yanxiang
15518054932
zhangshuai-002
15603738073
18790628974
13938596323
15225500797
18739130884
15083276657
13271518988
13629878826
18738302195
wangjungang
13203704751
wanghongyuan
lixinya
15978461850
13253942518
15037778568
13949730117
changxiaohong
18623760634
18603861395
13525288452
15537203212
13526466905
wangsixi
libin-004
lilei-005
15090463539
15893215824
15294853205
liuxiandang
13782524944
15237727592
pengliyun
15978312306
13619861998
13782736696
15936701810
15993943613
15839380103
13525156650
zhaojianping
15836332861
yuanshuangshuang
13333768825
xuguosen
15903079859
fenglianrong
liuyue
15516136886
15518323010
13703477269
houkexia
fanshuangshuang
13949123675
yuansong
15237723791
18790359656
15294870254
18837657166
13838653931
13273734198
chenxiaofeng
18339226068
15188210929
15537376605
15993998159
zhaonan-001
15138271471
13598623233
13949604106
13503805447
fengyanli
zhaohengyi
13838816457
13569192016
18738343187
13683939817
liuchuangchuang
15938867428
tanghanxiao
18639105241
yanlijuan
15838511681
bolili
15994156786
13938650408
13781670165
13782282580
xingchangfa
13526518847
15544352952
18037291326
15188515374
15937652631
13598140817
zhangxiaobo
zhangyi-002
18739470566
15690630230
18238107902
13837879518
wangxin-001
13592290299
15516617052
15939332384
18037605675
13523304968
zhangxuehui
15939378467
fanxiaoyan
liujia-003
15836355296
cheyangyang
18639372577
xinying
13033751919
13838616042
18339837862
18037922297
13598548189
qiuhaitao
maliya
13937263057
13837916096
tangxiaohui
renxiaoning
13837282187
15286988767
13782510194
15037234707
15537443993
13461195817
13781944628
18697743331
15138980589
13837464032
13569582152
13782486849
13782238564
guoxiaolei
15838907600
yuanxu
18736496612
13603753209
zhuxiaohui
13903877727
15290872218
13592376723
15036745923
13937344502
13017609601
13123751626
13461955559
13569654499
13523351693
13838170489
15565470073
fufengwei
15539386118
15637510685
13503432343
sunminhui
jinyumin
13782672122
13949354170
13949416720
13903974275
13643984682
liqiang
yangjing-001
zhaoyu-001
13460910031
suqingchuang
15838244133
13203904972
13781673923
zhujiancang
13938954709
13673069958
15236698518
zhangdongjie
15226143856
13938567356
15838887866
15038430555
liulie
15249754118
15978815115
18438254728
13937987930
15649199663
18338373877
13343724959
13140477180
18537333239
13703908197
15978632563
15137253080
18739368576
13837232489
18621598659
18336486029
13253882236
13608629931
15037081666
13781513665
13592242867
15136606773
13781237108
18625795500
13503885415
13592067138
13525627906
18790239223
15837412104
18538488382
13592044527
gaofangxia
18103966985
15225265695
13849259900
13673540180
13592153557
18530271865
13683887961
15036508815
15136050528
13837324028
15993818897
15517759228
15516390699
13523427969
13838717665
13643818459
18903906567
15136254577
15225662150
leihonglei
yangjinwei
13623748213
13782855467
15090677224
13283948679
13703495448
15837656636
15670766561
13837690664
15138004417
18237077678
15837631497
13838758125
15839361611
18238167338
15836245629
13140411115
15837278099
13569888619
13525379717
18568222508
15737677557
13937610112
13782797760
18336979616
15936226893
18240710217
18237628596
15138005088
15039301857
13838034372
15225463630
13937057353
15994043989
15603809693
13037511625
18736281419
15003797653
13937463838
liwei-003
13598146058
15393767617
13643886233
13273739880
13503740379
15039189649
13643712028
13140007511
18937234545
15515573925
13803924961
13781521312
18736156590
15136420845
18567285758
15713877795
15837918699
13608499926
15343803336
qiujixin
18637795915
gaojian
18339656383
13721899052
13949479078
15083210370
lvjinjian
15138452364
18336790128
18736577162
15836321889
18539302689
13598751897
15737180168
13403930177
13569439816
zhouqi
13723068771
maxuemei
15036580080
15503897940
13525669197
13938980097
xy-yinbao01
18637943145
13271263528
13203920455
15729210315
wangfang
13837360648
13938508059
13782798526
18837523355
15939650775
18838175269
shengnan
zhangjingjing
13937235424
liulei
13526122730
15688102225
18238369078
13419892637
15037381659
15890127060
15937354140
15036656166
15565000074
18237155091
15343794067
liulan
18236620315
13323645850
18625683311
15890580791
15838032595
13164397098
13849772302
15716633974
13781307986
15138980409
15003975518
15938804889
18613756117
13072616919
18625901744
13653831089
15537349022
13838790693
13243196323
13939059439
15038195562
15203790248
15937391150
13343685760
18736686072
15082910166
13783236885
15993780178
15237317440
13903708561
13462241112
18338701560
15803795129
15896619785
13782618260
15083068148
18238583066
13523260509
15039940069
15937816308
13525073310
18737989569
18737989569