Guest
15039762069
wanzhenhua
13271008707
18790946495
15226185626
13403787552
13781847592
15137091751
13837536693
15037375988
18739136670
konglingsen
13781573803
18737113476
15237149030
15649387829
15937037352
13271436768
15993373306
13939066251
13663011910
15039503458
18317676298
15290872218
13803974855
15993046233
15737897431
13283938202
13783835071
13949637881
15139492380
18603906920
13283948679
15226158526
15083032830
15237216041
13613803622
15093997197
15333951034
18236868665
15838527951
13213334822
15136128185
13613749034
18539100190
13503469792
18239589152
13525636470
15303797646
18336433910
hushanshan
zhaosasa
13721759938
lishuai
15226085008
18736867525
18736038329
13461777758
15936682431
15565000074
15188423109
15333833270
18538218185
15303913011
18600211763
15939904867
13523658837
13783114418
luliang
15036508815
zhongxun
15537775621
13071040005
18211616819
18211852955
13703470807
18639170009
zhaoxiaopeng
15237407992
13526508137
13071792649
13781127216
13462347045
15839074735
15837530569
15637303098
15836499883
18538498828
wangyizhu
18317519891
qianyifang
18737335502
13243369730
18603991577
15738700421
18639536088
15037098663
chongqiuxiang
13526526714
15538851866
13592295231
15303776692
15836992883
13271087772
13409223997
13333669299
18737236015
13721895996
lilei-001
15137487251
13592027407
18239652638
18336971119
15938995051
15603791177
18003724595
13598390365
13837790147
15544435673
13849257978
13703901931
13939181977
15225500797
18236118988
shenwang
15518637993
15837062358
15603776193
13137437282
15236623223
13849607966
wangsixi
13782282580
15688102225
15037453515
zhangruimin
13937460529
18003932978
13525685518
18237510161
lifang
18903758802
15237127499
13903727375
18238369078
18903996945
wangyun-002
shixu-001
13140627533
13949471294
13462759649
18537247628
13693983693
13598026233
chenhuijie
13838200530
13673790081
15896862890
13937770101
dengxinya
13838016975
13782616944
15837665188
13949466676
13782393479
18603862896
15393767617
gaojie
18211872117
15637709666
15836822626
13783802634
13782466919
15037258235
13592364268
15890543399
15896677022
15238571369
13939354888
13781808636
zhaohuihui
15637977691
15093651290
wupeng
15939332384
zhaoyu-001
13137403292
15517388950
15803704425
15937002378
15938083146
13460252822
18537980665
15038511706
13781793568
gaofangxia
15224971769
13781140393
13937872178
18837278887
lilisha
15993317856
13781532728
15516024185
13939479302
13526818685
15603878961
15303815189
18239953505
15993311056
15538206777
15837861959
13523616003
18937922913
18203898069
13592198630
18637955224
donghaizhen-001
13939389710
13939986559
15093121603
13253826909
13837225735
15537055583
fengguitong
13523008838
15565207786
15537909559
18037726638
18736695199
18537677599
13837354068
13569549994
jiangdongyang
15896571800
liangyujie
13384062939
15836588698
13027515571
weitao
18623876832
13939835631
15090572992
13838057375
13939961568
13603433338
15514792199
18937886319
18739735797
15838943492
lishujuan
fanailing
13839203465
xuexiaobing
15637052820
13938453308
15803849313
15139618137
15039569792
15909681507
13526237001
18638896558
13837456143
18339926948
renbingzhi
13603428546
15037777345
15637929158
liucaiqin
13849092270
13698805672
jingli-001
15639879781
gongjin
18736370018
18638018130
liulixia
15139185803
18338261203
18737319063
liquanli
13513989113
15537203212
zhangxuehui
13803769489
tvhd
15903889951
15036035952
13569857749
18625728298
18303729088
15517282438
yuyanqiu
wangxiaowei
maxiyi
huxiaoyun
13569089630
13837248810
zhangli
15903656635
liqina
13523723021
13323783152
zhujiancang
jiangshasha
13949782205
13598136084
18637210855
zhuhedan
chenziang
chenghongyan
13193514566
zhaoruiping
leigenbo
15037234707
15836971332
15837275159
18317721686
15236017727
lihan
13503870740
15136528542
15893839280
15037889450
13526089311
15937812973
zhouhongyu
gaoxinbao
wanzhen-001
13683977073
13033937772
18639105241
13084291629
15036983833
jianghemiao
13044742432
13703941119
13938567356
13526995362
15937805476
zhangweiyao
niuguanglin
13721724649
baoqingyi
13569095686
13223999030
15836469257
18638010897
15538561620
13271117161
weixia-001
liuliqing
duanpengfei
13781867056
15239444909
13017613195
13723222215
yuansong
13733156375
15939331741
15137596167
18738200608
15993131168
15839314356
18303890853
15537912438
13781802391
15136269850
13213512324
liuyanhong
13523392905
15939343844
13803991558
liucaihong
miqi
zhizunbao
13849971394
sujunpeng
13569044131
13782710362
13839132839
wangxianli-001
lushiji
13353632051
wanghaiyu
13782226228
13738186971
xutingyong
15003858076
maxuemei
liulina
tuyong
18639068247
13949663111
18539005208
15938986563
15837596279
15514371126
chenying-001
13523527820
15936501845
13353698167
13839256303
15137101377
changfuying
dujuan
15514807733
15238909568
liuyuanyuan-001
15503940055
guohongxuan
13373713312
zhaoyongjun
wangxiaolian
13213064587
18738928881
18538807376
xuelei
liubaisheng
huangxiaojing
wanghongyuan
niulingyun
15137979386
18037089100
13462294620
15037597173
pandeng
weiyanbing
fengaihua
18737033445
guohanjun
hanxuesong
13603407235
13323758298
yangmeng
18937767731
wangbotao
15836076679
18203608025
yanglei-001
13513943558
zhouqi
13939930930
zhaowei
15937308763
18137246408
fengyan
15603738073
liuxiandang
wanghuiping-001
18568200761
houchan
xiaochangshui
18240710217
pengxin
chenjun
liangjingru
zhangsijing
housen
huojianmin
13271016656
zhangzhen-001
15893848807
qingang
15890124577
13569844865
13592179967
15138467105
zhangxinyue
changjiang
pds-yexian01
18238191677
louyuanxin
majingjing
13643702385
zhaozhengang
15836377222
cuiweiqun
zhangpu
15637935155
chenxiaobin
15238232632
15039028318
13781062680
tanghanxiao
13193970506
huafei
18738635188
liqiang-001
15238528890
xiongyan-001
x
18003935992
13849730013
13939984996
dingxiaoyan
liuhaili-001
libaoxi
limeiling
18790284774
chenruiling
13781861659
zhaowei-001
15136618020
lijianfeng
gaoyuanchao
13592132077
13271210559
13525854608
18537278595
15139300593
liqingyuan
liuzhao-001
zhaojianping-001
zhaocuan
zhouyangsheng
13513947099
liusong
wangzhongyue
liurong-001
tianmeng
wangshuai
weizhirong
13781346786
18530045775
xiena
13598346583
13782585930
15565009137
guopei
13939341184
15203895029
huheting
wangxiaoyu
13503889482
13603733228
13603773281
shiyujuan
niezheng
15090677224
13939399589
wangping-001
13137030817
13949401709
baimenglan
13781683813
15238574610
xiesongfang
liushiwei
gaowei
15038397785
liyongge
18637841411
15503923297
hanjingjing
guopeiyun
xuyuan
13592036004
zhangshubin
15090091881
13849259900
jiyanbing
15037080337
13598397978
15649995721
menghewei
15378779131
yueru
15537058830
13937813904
15138187629
18537122608
15896800556
13569888619
taozhen
xujuan
18695817095
18538020822
13007555340
zhuxiaozhi
liqiannan
13949770423
18637248577
13703908197
maoyanan
13343724959
zhangdongsheng
18637498373
18736722592
18137011029
15538395508
haojinchao
13837028911
chengqiuju
15993053399
15139877965
gaoyunfei
15936712969
18336946112
18336961992
13592608215
tangxuelei
18625980707
wuxianguang
maqian
guoguixian
chenyuanyuan
jiuchunxia
chenyun-001
chenwan
lijinjin
xuexianwei
liuzhihong
yangxiaoshuang
liusa
chaoshuan
13781006794
zhouzhengwei
zhangyan
hanpeixia
13343787588
13592107971
xiadonghua
chenxuefeng
xieweiqing
lixiangrong
zanyuna
guocheng
13323797768
cuibinbin
sundongliang
zhangweiwei
18338556537
pengliyun
13460819508
libeibei
jiangxinfang
cailinpu
wangli
wangchaonan
18939650903
zhangtingting
liweidong
mateng
chengfeng
15993045435
18337117791
lipei-003
haibei
wuyao
18613756117
zhanglong-001
zhangguiqin
18623760634
15036340970
13939163561
liuyafei
15838515185
liubo
18348401865
liuchuangchuang
yuanshike
zhangpingju
18838116339
13939123686
15194669026
15896668412
wangboyu
15737758813
tianjie
shiyanfang
zhangxu
15703978981
15837685078
majiwei
15938681089
liyue
13014533028
15290865153
15565480755
13938230168
13503447968
13403837399
15617458570
guowen-001
siyanan
houjianfei
18738151837
gengyuxing
lili-001
18639357759
chenchen-001
13783372569
tianhongmin
13072603883
18639913605
13525095595
15226129531
18238662686
18537718884
dingnan
wangjing-003
15225552618
15893539530
13837982805
cuirui
15038840272
15690798166
13137277745
zhouhuali
zhangsong-001
wangjuan
zhangxin-002
13781869181
18238487791
15237332575
13849974236
18738011717
13592514488
13783866595
15239989993
13598741012
15238902570
xujing-001
xuang
xuting
18739470566
huangxiuchen
15839890863
13783236047
wangxiaowei-001
lipeng
shizhengyang
15037100345
wangfang
lumenglie
15936512789
limuzheng
18637675876
15637510685
13525412922
13683993359
15137616738
15083210370
jianhaitao
15236628030
13703424318
13837368948
xuguosen
15803758540
13148296666
13083782722
15838543208
18037980587
13674915265
15737180168
13703703919
lihongliang
15893099186
chenchunyan
xiejiayang
13939897017
qiujixin
13849569188
13243286215
13619874914
13949730117
15537683665
13639800196
malihuan
15238619875
13939227395
15518323010
guoxiaolei
13525719879
zhangjunfeng
13837764792
liqichao
18736633630
panhongbo
15838577703
15617187780
18638486121
13383921285
xutengyu
13253027178
18639855937
wangfeng
13283843122
18037758598
wangqi-002
13592057020
13592194476
15090154732
18737374606
13598714940
13525948402
15837204511
15333972100
15937059597
13461764390
18625937254
13569288556
13569322202
18739150027
13233925043
15903069071
18037401871
tiantian
18537085181
13137309577
zhaodandan
13462706977
15713676168
13683798689
18625657387
13643818459
13673027327
13838405309
15514532076
wangdan
13525056055
15936544420
13409423816
13949612680
13949123675
15036623753
18336484106
15237428672
18738371286
13526448816
13523167026
13783930698
13837079768
15036396257
18738298842
heqi-001
zhangqian
liutao
wangzhike
15836095927
18336872629
18737919120
13903845518
15038869475
youxuewei
13103733217
18790810202
15638123620
15037547916
15137453687
18236223381
15517977332
13243076623
13403706888
13837243849
13838184061
18239753923
13837668616
18037605685
13849734863
13838639549
gaomin
liangfenfen
13083802129
13939387105
18697743331
15036976547
15038357461
13103908581
15537443993
18236620315
15003778174
13523621085
18039495956
13598317887
15286988767
tianwei
15936780907
15138568101
15514295303
13783210418
yangfangxun
zhangliping
13592358948
15517161870
18537951826
15237185689
13503873566
15093993879
13525669197
15837868791
13837862220
15037778568
15838558683
13598523037
13849245905
13783232903
13213927051
18539363110
13643729896
13803796392
18338210941
13523314454
18790031700
15539386118
13103634889
15037578566
13938477817
15670458799
13838883865
13203803938
13525762223
13703489320
luhaizhou
louge
18336674802
15938819797
15138607562
shiqipeng
gaofang-001
jutao
15993178365
15836332597
15083361538
13663799782
15737092895
13663928099
13137071970
13837775619
13460824677
15538491114
13837548821
13613910005
18538372486
13937737493
18238501192
13523897298
lichen
18749499591
15225078826
13939157990
15836433556
18738066366
15517666397
15836443678
13569894132
18338932930
13323751312
18903905276
wanghuiyong
15539485188
13838492789
13782713686
15824935558
quyuming
18937918806
wangyingying
13569052812
13837291697
13783865730
wangjian-001
15937645093
15138966480
13363137891
13569354886
15824773557
15036369788
15836334796
13623981759
15290153180
13837299737
15893779583
songqian
zhuyaohui
jiangge
15136815367
13193532448
mawei
15038110106
zhaoxianli
15238100986
13526193554
zhangcaixia
yangmingqing
zhangjing
15903900011
18837496000
15903933905
13693885529
15937665506
liupengfei
15936525977
wangchenxuan
13849560918
13525970898
13461955559
15839335630
18697707785
18737172409
13703458971
15838786790
13033863614
18037592786
13033751919
18236896585
18237079190
13525872537
15136653182
13783800968
zhaoyanmei
18749001970
13203904972
15886759127
zhaojimin
13663049797
13782187409
liujia-002
13592290299
15938351336
13569061195
15303873096
tiancaihong
15539183919
13598122289
15237789108
18339252998
gaochong
13937276135
15896884750
13643984682
18236136636
wenqiaoqiao
15838833911
13949727619
18348306682
13837280108
xuyanan
15515064995
13937517761
15093568763
13592630077
liumengjun
13603906810
13525627822
13849712878
18738124896
13733694087
13849565218
18539748070
13283722841
13460972988
xucaixia
18939294277
13083682751
houkexia
13461836260
13781679609
songchaohui
15978647864
15939378467
fanshuangshuang
13598702620
15239785950
15939968532
fengjianlong
15537092332
15716696328
bailu
zhouweiping
13783893806
18839940006
13839738980
18839215871
15517876185
jinlina
13949487779
liusujuan-001
15893276906
18768998855
13383872783
15138512588
15237912509
18638801957
15939722680
wanglei-004
15038119370
13723166005
18736961335
lilulu
15836089576
13903817304
wanglifang
limeihui
13460912318
18530251030
15993781758
malihua-001
13781360088
13619833898
13849402867
18303935083
chennannan
13938180292
nielijuan
13837286580
13569322520
13838711967
18790543700
makaidi
zhangdi
15003795133
15139912138
15518871878
13137516877
zhousiyu
13323645850
zhangxiumin
15503851658
zhengjunxia
13608491900
15286968387
fanxiaoyan
18338666211
13623872643
13523722171
15539335598
18039126568
yaoyongxian
15938395972
15936462988
18538018544
15194565976
15837107917
18203897758
13673778062
15093268251
wangyong
15639905283
15518870726
13137746463
13839312727
13603467222
13837577216
15138060871
18317390819
18567170099
fenglianrong
18736046829
13938012663
13937263057
15000903836
xuqifeng
13346875799
13598983337
13503878726
gaojian
15036373462
13461713718
18438229527
18903738451
wangweiping
13513759412
13721687335
13569522527
13526954687
wuchenguang
guanjingming
13838629579
zhaozihui
houjianghong
shiyana
13698836965
13460684729
15893838192
15137802853
15518817920
zhangkai-002
13938650408
13723156130
13937213175
wangpeng
15037352399
wujinxiang
13781307986
shilei
15537079876
13569976817
15896519725
13782369667
gaozhen
13290776913
wangjin
13137765297
15139396803
18039367185
liufanghua
15083119496
15225068305
gongjue
13781415618
13949416720
18768847486
15839283743
13783868158
18239373186
13837813539
15824616477
15836371952
liujuan
13783840213
yanjianheng
15978699640
15537668544
15890316949
13503886974
15083064479
test1
guoweifeng
lipei-002
15903079859
13103792810
13619815184
13462277738
xx-yingyun02
tangxiaohui
tianxiangli-001
zhanglong-002
fanruina
liangchen
shangfenhong
yaojianqiang
zhangyansheng
13592133719
15839028592
13733977714
13513813899
liying
18238999343
15981852893
xiaomingyu
13839584926
zhuxiaohui
13949827162
18939408799
15937641073
15226143856
13673598538
13783355649
wujinle
15137464373
15939169998
13839347380
13937463838
15838500968
13939336633
lixu
18903906761
13837690664
tpy2
15837872382
13939150583
15236732549
liqiang
wangliping
15738076838
15226128704
15836571570
15346136660
15565016557
13137323596
13782798526
guanchangqing
15978699552
18039255508
15083068449
18638869913
renxiaoning
huangrong
fengzhanhui
13333768825
suncheng
13937998109
13243208113
13837896590
15037431783
13849561712
15225686768
niuhonglin
13949031793
13273734595
shsj
18337473212
13938769032
13782510194
13782532015
15343794067
wangxuan
baiyu-001
18338439788
fanxiaofeng
fangjixiang
15137454013
18037951200
15936081687
18739456893
15839695543
13148046918
hanfengyun
18239397395
lihongming-001
13569276858
15937206858
15343739839
18236226162
13598437535
15539001552
15603951308
18639861508
15037990578
15515131903
13403822624
13643898038
13598453859
13461619161
15203757559
18937246715
15137126472
13721878337
fushixin
sungaoyue
13346815857
15637243697
18348062201
15837265895
15249754118
13460839091
13838982078
13014707876
13938685115
15993164531
zhaomingwei
13526306670
13803734967
13271303320
18236508516
wanghong-001
13460912067
13782047157
15090188613
15938731389
13569357194
18903782134
18137915881
15716548612
xiaobin
13643915058
15236641296
18239351079
13461257718
15538900552
18625823090
15516498993
18503813032
15838475762
sunling-001
15290950315
18939348818
15738000987
15236176998
15514443813
13072616919
18903963891
lixinya
15994039378
15994043989
15637580882
13937207286
18736571376
13461116200
13569439816
13938653544
13937472192
13938069361
13525635718
13849038490
18238107902
15083406240
15290090035
13937807963
13409223498
18749155923
15993807978
18037638522
yanlijuan
15518859444
wangtieji
15037436930
13938956812
15003952724
wangjungang
15137331697
13603488205
15639960933
15937572393
13598813664
15518212121
13460700625
13461935130
yuanxu
15890580791
15537376605
13033825942
15837155864
13523096838
13937481850
13837228695
15729256669
13461140791
15294971276
15886778186
18695978385
13693753358
15994070956
13938954709
liulie
13137622207
15994047368
13663015656
15516570764
yangjinwei
zhanglu
13783282303
13839420272
15225265695
15937816313
zhoujinti
zhangshuai-002
13598244609
15649574285
pengtao
15194553370
13783408313
13937610112
13683906653
15993687495
18336979616
15836245629
13203899811
18438818811
18236609827
15896968921
13849992612
13140411115
yanzhiling
13938596323
hanyanhong
xiayuanchun
15037381659
15837656636
15978450552
13703477269
wangzongrui
cuiguixia
18625780928
liubin-003
guojunjing
15938048194
13937309148
15138931311
13073755156
18103969985
13837847849
liangxinxin
18339407698
13271263528
15036580080
15346253858
xuchenlong
15083256865
zhaoqiang
13283823971
13462787195
wangxue-001
13619861998
zhaohengyi
zhaojianshe
daiyanmeng
jiazhimin
15003851974
13903966322
13703488361
15638651939
lumingtao
15639380121
15938037175
13071799958
lihongxia
13462569298
zhenghao
13673610318
18530980319
15225520610
15037452655
15090091655
18238167338
15939339811
zhuxiaoyan
13592560509
18224561286
15537986898
13721431577
15993943613
18103966985
13507664885
13849871971
yinxiaoxia
zhaochao-001
liutongchu
18611288332
18538011363
zhanghao
13700751409
simengrui
15003797653
15516617052
weishuo
13603744300
15236698518
13683885848
zhangxiaobo
13837324028
13937757873
18736826289
13503431521
wangjia-001
13513938169
15037012110
15516003831
15890475799
18568222508
18790693958
13592033132
13643901049
13569888256
13503442925
13803834725
13939033351
13781661568
18037291326
zhaowanwei
18237502718
13782676693
13148218111
15514831960
18937539931
13525313632
15538382978
18211709987
15136254577
13723171479
13782999829
13592112341
18637943145
18039351333
15138250318
13462625512
15803726335
sunyawei
18738302195
songzheng
13783734701
15544352952
liangzhangcheng
13663878212
13903759073
13849861960
zhuyongjie
15137723752
18338496911
15537028120
13569865989
13140007511
cheyangyang
15936782529
qiuhaitao
13949729619
13525973608
15539716188
13781837879
15239114561
15939520869
13525293899
13837810218
daixufeng
13838984255
13673522407
18338159066
13633899441
13503937426
18703630623
13525278692
15803729911
15836652599
18625656177
15518823295
sunke
13592308978
18236907495
13782663096
13569634030
maliya
13393881375
18790976087
caopingping
18239383898
xuejuntao
18790202595
15617279390
13949639842
13782756407
18338291395
15514713599
15037223714
15544372050
15936580546
15890250906
15637202611
15539322923
huangqian
13937057353
13619861198
18939320080
zhuguanghui
15670405819
lihaixia-002
13353639027
18137439369
15038430555
15978461850
18137406877
15518628666
18736019775
liubaoshen
13837649297
18739500456
15138705668
15993998159
15937288774
18339518813
15038102221
13333889936
18937415279
15237390350
13598657870
13525415830
15516381006
13137011258
13569656905
13014751370
13569955506
13271518988
13461977558
15137097014
15936770568
15037308550
15136412530
niuzengxi
13592376723
18522266097
13837268312
13683939817
15837912660
13783979140
18736868129
15137557128
huanghufeng
zhangdongjie
13243072561
13525766375
18338066935
15539729589
18623820220
liujia-003
zhanghuiqin
15290308503
13949479078
18336486029
zhaomingyuan
13084299207
13633890897
15893889593
18260664458
13213470279
15638099964
13462795534
13663833767
13603806315
15993021839
18737259377
15839293195
15603917941
wangwenlu
13213979517
13643873673
13783792778
13663903820
weixuyang
15737695329
15090064392
13839888521
13838854674
13703914346
13333933326
15290642101
15837631497
15565281059
chenxiaobang
13101776528
13837242184
13303779280
15937574402
13673069958
13949357733
13525379717
15716633974
15617879623
13613905273
13849772302
15237723791
15290586029
15225897996
13033804335
libin-001
13949605683
13837002002
18738189165
15688153662
18837378989
18790657526
15538551267
xingyan
15237647019
13937097649
13525285955
15517859938
13017609601
18939173576
13223941912
13608499926
zhangxiaopeng
15249712567
13137539010
18003935970
13781521312
15937502652
15136802266
18530018897
13753929270
fengshuai
13607614824
15537740402
chenxiaofeng
15896830685
13137623333
15836425134
13781328578
15225159768
15139099328
15203838789
13569735500
15539917583
15518607716
15839361611
13838482434
13783039697
13193627909
15503775763
13393968682
13839679922
15238354222
weiwei
15837916096
18838175269
15082931327
18639703265
zhoushentao
18538366533
13837395212
13633737827
18538965808
13938536530
18939306820
15239234657
13949592787
18790428750
15893472229
15237823792
18790359656
xuemanjun
15903971696
15093906120
zhaomeiyu
13633894256
shengnan
15237599903
13849217456
15136050528
15938123100
shiletian
wangxiaoying
15937391150
15138809300
18530552789
18737613536
18539131414
13938508059
13213892876
15890127060
18939241757
15136936255
13838034372
13782799110
18637605677
18336610881
15237870169
15837163353
15836383237
15617326387
18439572075
18339763075
18348266566
13837086478
13673889846
15516963475
13903899992
15993780178
18637616099
13639685533
13461702033
13569588382
13461223388
18239319861
18637990417
13803858875
13803858875