Guest
13462347045
18539100190
13849871971
15036792107
18736867525
13937737493
18638844786
13903885817
15517388950
13462276389
13783131148
13598759885
18538218185
13598194152
15037285805
13723171479
13569516287
15037453515
18503941123
15617150253
gehua
wanghaibao
18736765690
13460700625
13783547692
13569302752
18639068247
13569944550
15737897431
13783802634
13253867193
13949592787
jinyanmin
15836440671
18736826289
15993951311
sundongliang
15136653182
15303957001
15896884750
15936780907
15137091751
18736633630
15226129531
15003858076
13569422789
chenchunyan
18806131780
15638099964
15188596396
18736390255
13193532448
15083064479
15039503458
13323807832
hanxuesong
libingxue
15136128185
13782136635
15238902570
15083406240
18337637236
13837430848
15038533106
13937870736
18240653107
18637841411
18567729535
15637371317
13608491900
13598173558
15343820750
18837002699
13137309577
zhaoyongjun
13643934738
15239700099
13838457830
15939904867
15939343844
15837088923
18937025136
15938681089
13598644731
15393767617
13663011910
13513989113
15639777869
15538857152
13838163717
15237149030
15893097078
13569061195
13837982805
13721773267
18037611912
zhangyan
15003952724
15690819698
18537122608
18937544667
13663022545
15890475799
18236143261
13271210559
15037258235
15896570969
15660127026
13837277305
13526306670
15893571505
18039977972
18736858596
15839501572
15838523554
15093639949
13838051801
15670150977
15203790248
13525262302
13939110166
18211616819
13673338201
13937993789
13333954648
18737316777
15138129098
15139584902
15083032830
15136237344
13693749767
15838721708
13839420272
13213249006
13513900375
13409423816
18736898997
15837406384
15836469257
15237216041
18003951805
13103723534
15083231296
15738559899
13598321006
15514371126
15893848807
13839399757
13503469792
wangjin-002
15503775763
15893763809
13213927051
15038511706
kaiyangyang
13323621858
13783282303
15236017727
13703424318
18625581591
zhangwei-002
13837597857
13938685115
13513922568
13569818602
13753929270
15939520329
liyang
13525511069
15037375988
chenxuefeng
18839940006
zhangruina
15518637993
13782074373
15850307082
kuangheng
18736370018
13837632563
18538389550
15290812552
jihui
huangjingya
kangshehui
18538020822
15039958952
13525830902
tuyong
libin-001
18639572336
13783582918
15639879781
13513722180
zhangjing
15039757565
13643818459
13837046776
hansongqiang
18037605679
15909681507
15517371887
13383921285
13462265048
18503813032
18338701560
zhengjinxue
zhangjunfeng-001
wangruifei
15137020375
13525962035
liudong
13903916323
baiyun
13683951605
18703855759
18903996945
15837916096
zhaoxiaoyan
liudonghua
18736690767
huxiaoyun
13782510194
zhangyuanyuan-002
guanzhongyan
15565678841
15939418858
13838652716
13137789675
13938596323
13838310282
13333662521
18538807376
menghewei
15903001007
13903817304
13014695269
liuzhanfu
15903079859
chenqingyan
18339016872
13937213175
15037189786
18538011363
15237264965
15837964563
13949868762
13598351137
15993792033
xx-yingyun03
13803701655
13271008707
15838110636
zhangfan-001
hanyulong
zhousiyu
13525719879
yanenliang
13243286215
15136117096
wangdongyang
13937460529
15639500984
15838928458
13781047989
13939042301
18639703265
liubo
15226158526
13938829532
13723013898
15837645516
18736722592
13633802035
13673578331
shiyana
18337758384
zhuyaoling
18638951116
liqina
15603791177
13273805328
chengxiang
yuyage
liuliqing
xujian
18639592865
15137979386
18639996797
xiadonghua
18539005208
15937002378
fengzhanhui
13939150583
15836932777
wangdan-001
15836084769
13569047910
yuyang
13523918601
13140627533
15083068148
18637235917
lihong
15239444909
wangzhenkun
15838283489
13343787588
13937083902
18103989713
renxinli
15090503800
wangchenyu
13673859715
15603934946
15136711840
13603488205
15939901740
wangsixi
wujinxiang
wangyizhu
15090068973
15896627875
13373713217
13781329421
13939223331
15503923297
liquanli
13461656865
15137464373
zhuyaohui
15993887351
weidongyan
15239785950
18749288060
15936198629
xuqifeng
13525235209
15137596167
13462393806
15138467105
13271087772
13598337286
15939331741
15538382978
13598677983
18239652638
15537905312
18537247628
13693734972
15839367499
18637320816
18530227058
13523008838
15838168921
15093467292
13939890681
13838008964
13262197271
15093381351
18337792676
fengdazhi
18739033111
15890543399
liujia-003
13283948679
15514811177
15836197301
wangping-001
15838244133
15037234707
13525070548
15225953660
zhanghuiqin
13782676738
15136330633
malihuan
15139788573
18625506473
13673778062
15993422923
15638290535
13271039889
15237954571
wangshuang-001
15994111917
13817651147
13703941119
18537923795
15224875398
13838179761
18638385651
18613736288
18749395522
zhangxiaobo
13598808216
qiuxu-001
15603878961
13353632051
13137128246
13462787195
13838057375
13273780866
18790828256
15890620217
18837278887
13503723283
15237688310
13525065471
13623871552
13569222576
danghuajie
18790946495
13633737827
zhongxun
15090596015
13781802391
13071785902
15565168003
13103792810
13849861960
18037758598
15516676684
lizhiqiang-001
zhaomingwei
getao
zhangjingxia
shenxiaodong
louge
15993305285
15937037352
13803874952
13603936466
15138721049
15803726335
15896830685
13525821095
13849720696
13837242184
15560278530
15617279390
13503460755
wangxiaolian
13592358948
13721879069
13137136669
15518817920
zhangguangchao
shsj
18339712823
13137403292
18839716221
13783864931
18137246408
13782676693
13683798689
15837665188
18639290976
zhouhaiyan
15837906951
13613939458
13623953050
18638010897
15890102420
13523304968
15936682431
18137515149
13243038122
15939502195
13782226228
15537092332
15236543650
hejiangnan
15093263251
18537623136
15539183919
15978450552
13653805906
15836089576
13526995362
13526237001
gaochong
15837435359
13676970679
shiletian
13733156375
13140000638
sunjiyan
13849719169
15544028211
18737885850
liqiang
13938620769
13782282580
wangshuzhong
18603743675
15936312314
15824616477
13513981899
13569544260
15838183634
13017613195
zhangbin-002
zhanglulu
18530101189
15249728680
15993129019
13782663096
15939513788
wangfeng
13673804105
13781307986
15039440066
13673743725
13343696867
fengguitong
18738118006
15617998900
18336132801
13526697461
15939968532
13703761139
13033751919
13937263057
13937276135
13938683731
13803991558
15836142635
zhangtingting
13353639027
13603433338
13938453308
lishuai
xuyaowei
15039398221
13733663196
13849280462
13839155759
18790010692
18137145569
weiwei
18103957677
18538078952
13938711554
13213064587
13373725785
15836095927
15938351336
13140089802
13838417987
13193536964
13803835730
13523257131
18530512627
14523145527
15637741656
18003728118
18638018130
18336961992
15138966480
15896925306
13523720751
15136936255
13663063220
15638528502
15637221882
13608643114
13233924149
15286952937
18337117791
13071040005
15039762069
13503983285
13783807995
18736046829
13633748175
15343739839
liyang-01
13083768860
18539918896
13723180502
13839915686
13783525045
13837212554
xuexiaobing
15139949591
13333642899
13271506829
13939645699
qinhaijun
15893220463
15226111182
13608656583
13333970303
15670103663
hanhongguang
panhongbo
maming
chenxiaobin
13838891202
jieli
13353698167
15893539530
13673790081
13673690246
18639861508
shaoyange
18639536088
wangdi
18538105770
15837241642
18039255508
13462274027
13783608528
15939702530
18638628392
15538567934
18339997989
shenwang
18238369078
tpy2
13461638926
18603926686
15518899775
liyanyan
wanghuiping-001
zhangxiaoyan
13383927878
15544372050
13849092270
zhaoxiaopeng
13608676136
18937667211
pds-yexian01
15978582306
13949031793
15690792768
18749559919
15893323007
18203898069
13783866595
18272771578
15936226893
liyue
15890037429
18238191677
13613774396
liucuiping
15037777345
15537986898
15903656635
liqiang-001
wangchenxuan
15039050525
15538206777
liuguang
15538459159
15516372927
18037726638
zhaowanwei
13598612552
15343721121
xuelei
weidan
13939387105
15103751723
18137900973
18338149822
13939984996
18338003699
13569164015
13782393479
13938180292
wubo
jiangshasha
13623785090
xuting
18339398585
13462294620
15637589521
yaoyinghua
luohui
15936101994
15037797077
13461713718
huanglu
jiuchunxia
13839984010
chenying
13723100169
13592390660
15837565051
guoling
18638666185
18037879629
guohuimin-001
15837991759
liying
15938427163
zhangshaohua
13937207286
13939930930
15539878251
18695978385
liuyuanyuan
yanlu
jinlingling
18238582787
13603753209
liubaoguo
13803720604
18838116339
18736695199
13721812359
siyanan
13938613089
15515131903
huangwei-001
13569095686
13639679367
13783263929
13592027407
liucaiqin
13373713312
15993053399
wushaokui
zhenghongyan
chenhuijie
13903897618
15716316999
15518871878
wujing
lijianfeng
13137829665
shendanhui
15290052388
zhizunbao
13838200530
13525095595
lizhiqiang
xx-yingyun04
13333764822
18737113476
zhanghongxiu
18236709783
jiaodongliang
wanglihua
18939699896
15838899143
wanghaitao
liangyujie
15093906120
15670588866
18211709987
15937229265
wangweiping
15937574402
15939979288
13137437282
18738502470
pds-wg01
18738635188
13783663690
wangwendong
18738928881
lixiangfeng
13733916643
15238574610
15937308763
15037371269
15236671315
13781861659
13526683840
zhuguanghui
yanlichao
jiaxiao
libeibei
zhushenghua
13837299737
fengaihua
13949433499
15603893114
sunjunjie
18737033445
15690673020
wangyong-001
xiesongfang
18639913605
18336433910
15238772066
13937292784
guoguixian
13643882441
lishujuan
18337715511
guopei
limuzheng
13949545846
liulixia
likeke
luomin
18790198295
18736686072
15239511885
songkejia
xuting-001
zhangyanjie
xinxin
chenjianchuang
15239896031
shizhengyang
linan
15036395918
13462241112
18790868209
15138060871
zhukun
13949827162
15893078269
13193955656
chenjun
zhangxue-001
zhangweiyao
15333972100
yangxue-001
liyake
wanghuiyong
xuyuan
15837054526
15225078826
zhouxinhui
15838920308
zhaocuan
fuweican
18939302108
13781062680
liujing-001
18530552789
zhouhongyu
13949647771
xueyuan
13849259900
13839336800
houyongli
qiuzheng-001
15249736683
15136651316
15537390855
chenziang
yangli-001
wangjie-003
caopingping
liwei-003
15637586099
songyuanhong
13783800968
wangfengtian
wenqiaoqiao
wangyan-005
zhaohuihui
limeiling
suruina
zhangyuxia-002
13462527775
yangjingrong
wuliying
15837062358
15238111828
wuxianguang
muxiaoli-001
liqichao
15738379233
zhangyanfang-001
15036035952
liuyuanyuan-001
15239430688
13837740500
fanxiaoyan
wangxue-001
miqi
13653844259
13403859851
18203760468
zhaowenyan
zhangruimin
lijing-001
13083859674
13598864049
zhangsong
13693823028
15037578566
15890316949
13639688456
13849607966
wangxiguang-001
hanjingjing
xuejin
13937274047
13403706888
15333833270
13939300560
mayan
sunman
13839738980
15936770568
jingli-001
15903069071
13569108115
18238521405
15039395378
13665753695
13783124987
15137101377
luweiqing
13569894132
18790202595
fuxiaoyan
wanzhen-001
fufengwei
13014533028
liuhailong
guojunjing
13703458695
15637936210
liuhaitao
18037291326
13835609696
zhaochao
linquanguo
15090147085
13783236047
fengjianlong
18937577803
lumenglie
13569243721
15637935155
hewenjie
zhangdongjie
zhaohua
15639648712
15839526565
lixiaomeng
15838237716
15518607716
yuexiufang
13526438117
13938846680
wangzhike
13592657098
13837091570
13838774035
luqing
13513919965
13569549994
cuilingjie
13523763888
18736156590
13937235424
guanjingming
lihan
13839684886
18538856778
13937220835
15093993879
13837896590
15039056821
15937754177
15836332597
18037605675
18567170099
18637675876
zhouweiping
gaoqiuyan
18348171712
yuanwenping
15239361135
15939669476
15837743066
13849267026
15978871992
13849974236
18697707785
13525762223
13525698017
13523328004
zhangxiangfeng
hanyanhong
fanshuangshuang
liuxiaolan
13849924306
zuoyi
liwei-004
13273020091
15936416652
wujinle
18538539089
15517034618
18614933001
18339276075
shangbin
18439508280
15239989993
guowen-001
13592364268
xiejiayang
liuyanhong
fanlin
15237136739
18624873477
test1
18603767604
15837275159
wangmengjia
15225821575
18253567315
zhangjunfeng
niulingyun
13949542673
15226033969
18239383898
18567700751
wangliping
15838500968
13137501969
leigenbo
13613910005
18336677225
13569052812
wangyong
wanghao
15837976076
13849418110
18291211224
chenxiaofeng
wanglixin
zhaochang
jiayanan
15716633974
changjiang
15103793260
15837131439
18137195955
13673889846
13027787610
sundongmei
15236321175
15838208408
15225599935
konglingsen
15139370629
15836401262
18839382838
liuyan
wangyingying
13525293899
15937641073
13462170627
13507680910
15237599903
donghaizhen-001
15839283743
13460252822
zhanglong-001
13461140791
zanyuna
zhoujinti
13592313047
13693987238
13783039697
13782392676
15290865153
15225500797
15838808301
13513947099
13939354888
mixia
13253336082
15937873915
13598769008
13592290299
yanglei-001
xiaochangshui
18239753923
15138777179
13203704751
18939256109
xiaobin
13271263528
13723011995
liyuzhou
tpy4
13223941218
zhangweibing
15690706533
15225520610
13783864946
15939332384
15670458799
18937886319
13461935130
13837898119
15037923318
13723044180
18211757567
18037679553
18211872117
18790986583
18336674802
13148046918
13526526714
15239363987
13213232151
13523999473
13027577774
duanpengfei
13513943558
13721431577
13781505616
13526622027
18137011029
15333939298
chongqiuxiang
hanfengyun
18937815227
18697796988
13419886918
18538563651
15938048194
15939039601
15837685078
18530220319
13608423357
lili-001
13569288556
18503800824
xuang
13223075217
lixu
weishanyu
13721426554
18695817095
13839277386
gaochaoyang
15038184856
jianhaitao
15039781465
18537980665
18803799808
15093651290
15518598396
zhaoruiping
15238652420
13592608215
13903734411
xiongzhifang
13803814046
shixu-001
13033863614
15137616738
13084208076
13938260609
13938523990
13903728510
hemengqi
15836932471
18339276015
13140568959
18738151837
18238583066
13503889482
xieyuxin
yuansong
xx-yingyun06
18903782134
duhongqi-001
13462759649
lixiaodong
18637915818
wangjin
13782736696
18537299389
18937032052
15993198840
18568222508
15137895595
15225809817
13525948402
13603428546
13839361985
15628498893
13837204318
13384062939
15538668775
13937634198
15237647019
13839210424
18737989569
chenheng
13608676552
15560088269
18736923743
zhaoyuan
15226128704
13783066930
13837291697
13137030817
13939135846
15083276657
13598115636
15836377222
13140033993
18738316817
caojingfang
15236221490
13653889652
15565000074
18739136670
13461096980
13700839174
15893838192
15139189238
13014778811
18539363110
13213218320
18739855507
wanggang
15937601379
13783408313
helong
13526448816
jiangjie
15893373200
15839816274
zhanggaige
15137419511
18625657387
13783283985
15896571800
13015508565
13523040312
guohanjun
18738298842
13148216465
15518870726
15903971696
13069415750
13183117477
18103989722
15239879858
15537284299
niudechao
guanjun
apptest
15236166050
15514532076
18739783676
13837021104
13837086478
15137674851
13526277318
15839409690
15617088697
13781847592
15993038092
15138234593
13271392250
13939969557
18768992838
13938956812
18837237966
18238678329
13064416919
15083360195
15303743929
18338939482
13939354899
13838034372
liuzhihong
13523633766
13939957328
13803974855
15236025781
13569052376
13017695282
18790976087
13613874919
13803796392
15038855591
13569544262
15837934111
13781723373
13598702620
13837028911
18238313655
15838527951
18737487048
zhuxiaozhi
yangna-001
13503873566
15938995051
13193627909
13837280108
18137503749
18537933305
13721742416
15936908779
15839314356
15544321798
15938450420
13781384836
15037352399
13569735500
15639181898
13592514488
lixiuli
13523167026
18638856236
18695932526
15188423109
13613932456
13781360088
15903933905
13633899441
18239953505
13693906067
15539386118
13525627822
13837971200
13937285775
13783503577
yuanyiyi
15670405819
13938477817
18639330422
18567150619
13938448831
15517666397
18237568342
15836803322
13803976470
13949354170
15515588339
13140025258
15136855893
15939346013
15936198809
wanglingling
13783868158
13939116378
13949618171
qiujixin
13783930698
15836294920
18703630623
13523462203
15137960167
18937922221
18338210941
18338210812
zhaowei
13782094309
13253008192
houkexia
18538018544
13803735509
13653799228
15343977188
15537912438
15938375655
15670986202
15516447270
13903974408
15238226656
13323720197
13849245905
15938682963
13673522407
13849261530
13403919094
13064408865
13938567356
15203838789
13603715821
zouwenting
13663897164
15036260501
lixiaohong
13460819508
15090463539
15539136053
13949612680
15837278099
zhenghao
15333846775
13069458460
18625651150
18237827419
13781573803
zhangshuai-002
lipan
13523096838
13837243849
zhangkun-001
18638896558
15937179567
18738111811
zhaowei-001
15886778186
15936188568
13683925387
15824962685
13592295231
13783857440
13403822624
18236896585
wangjia-001
13409221213
13346833336
15836334796
luliang
13949263172
18625515018
15839897012
13663833767
tianjie
13839203465
15936462988
15803704425
18003935992
sungaoyue
13148060403
15093377450
13837978267
15237798905
zhaoyonggang
15838949790
jinlina
18639903110
15237430460
18790708786
15039106035
15343933275
13837138300
15836873339
13613901962
wupeng
gongjin
18603877326
15890127060
wangdan
yilin
lvxianglei
13523722171
13419765126
13838750277
13703780815
13838883865
18037286881
15938119928
13849767008
wangxiaowei-001
13525190654
15238626873
wangcui
18317721686
13193791150
13592036004
15937949021
15538393233
hansongtao
18637367058
18639273335
13333933326
15039028318
15103783552
cuibinbin
13569044131
15515623743
15729256669
13243208113
13782798526
15517946048
15903956291
13783111937
15838475762
13949013081
15303873096
15837824466
15238744438
18336369538
15838577703
zhaochao-001
13783304681
13949956338
15537079876
15225240081
18238999343
15517409063
wanghaiyu
15713877795
xuping
13462819558
13569144422
15236438932
15225385765
13419872864
13633947570
15981957750
tengwenxue
zhangchunli-001
chengwenjiang
chenyun-001
xieweiqing
13083899758
quyuming
18937708509
lichunlei
wangli-001
15937812973
zhouxiaoyan
15503868610
15239087693
liurong-001
zhouhuali
13343724959
18537399369
13837232565
wangmingjuan
18625728298
linlulu
lifang
wanglei-001
13592308978
duqianxi
15239559751
xutingyong
15838075668
liangguang
konglingyan
18530251030
wangjing
18603757076
zhoujunli
15937383700
jiangyanyan
shenhao-001
13409494398
zhangxinguo
15225482980
15637510685
18037666637
wanghong-001
13460159577
15836063674
zhangpu
jiawenbo
liuhuizi
zhangxiaoqin
13619833898
13525313632
13603773281
13837354821
18538569130
18737357710
15137672096
13703775501
18537278595
18037589952
13271016656
dingsuli
zhoumin
15249714077
15503897940
13663810660
guoruili
zhaozhen
13700861769
mengjingya
xiongyan-001
zhaosuli
13673069958
zhaozhiye
zhanglijun-001
18939348818
15839074735
sujunpeng
13462167657
wangchao
13523308265
tianyanling
jianghemiao
wangxuan
liyaping
lvmengning
15890661919
guanqiuying
hechangyu
13837328164
15139435111
chengfeng
15303815189
guowei-001
13838295967
15703708967
15936065674
13937836233
18240719722
13203899811
13707670560
15203895029
13733615488
liuyaoming
liqingyuan
zhangxian-001
18839817069
yangfeng
gaoxinbao
15036730567
13837764792
18337473212
18336410946
liwan-001
zhuhedan
daichuan
wangchaonan
jiangwei
13608674410
13939350141
chenghongyan
18236508516
15729230376
louyuanxin
13526133464
mayan-001
zhangshubin
zhangtiantian-001
13523527820
18637498373
13643729896
tuerling
zhangwei-001
zhaobeibei
houchan
13461029811
15225921267
wangyuchuan
lushiji
zhaoyanhong
wangjun-002
dongyunpeng
zhengjunxia
dingxiaoyan
15993331078
15637950675
13949729619
lijinjin
lili-002
13783679068
baoqingyi
yanzhiling
13782585930
13137797760
zhouyanna
liulina
wangxiaoyu
yanjianheng
huangqiong
maxiaodi
13703470807
13721895996
baiyu-001
18738156793
wangwen-001
lilulu
cailinpu
liutao
chenmiao
13569035507
15136858156
lixiaolin
weizhirong
18537718884
13633850220
jiangbin
chengli-001
lipeng
15517051603
15037652656
13569795202
liuwei
cuichunxia
13837324028
zhangjingjing
wangchunfang
18736645520
manana
songshuguo
18937415279
13462250653
changqing
13462785406
xingjunying
meijing
13838037704
13781364828
13939473533
yinjialiang
13839256303
zhulili
lifuqian
15836858001
zhangxiumin
13462871951
18537205279
caohongxiang
18303729088
liuli-001
zhangyali
13703765950
13033937772
laijinhua
nielijuan
15939076922
18211671445
13939399589
shiyanfang
13623872643
18239040777
wangya-001
18503983068
13513786241
xiewenjuan
liusong
wangjuan
xx-yinyun01
18638383011
wangmei
13513938169
chenchen
gaoyanli
13949727619
madandan
15036681377
13526800813
13937438222
guoyuxiang
chenyuanyuan
zhangweiwei
13253669762
13653887723
18236299656
huangjing-002
guocheng
15993046233
15836332861
13569138646
guyanping
13598657870
zhangpingli-001
zhanghua-003
ruihuiyun
tonglei
yangxiaoshuang
18838152779
15837120220
13733694087
guojun
libin-003
15603728564
15139185998
18625857283
jinjing
13419783007
13083677651
15093918344
lijun-001
15038734380
lixiaokai
15090269272
mengxiaocai
15981830363
15138904034
15937921254
13523992648
simengrui
18530612287
13526623539
18702956034
13937964258
13253826909
niuzengxi
15824880843
13193591319
chenyan-003
13523621085
15838830745
13839301610
liuxinxin
15226143856
15503878066
wangxiaowei
wuxiaohan
niudi
lijunwu
sunmei
libaorui
13949310131
gengyuxing
lijing
youxuewei
zhangzhen-001
zhangdi
15237125449
13526661515
13137834669
13781501895
18749172661
baimenglan
liujuan
dinghaixia
15138580964
13837352544
fangjixiang
15138512588
zhuyongchun
13783893806
18338881525
guoting-001
13939296718
15803862298
wangxiaofan
18336901265
13937964034
baichenyu
13939022184
wangxianli-001
13949327643
15837412104
zhangguiqin
liupengfei
13393936738
13781793568
niuhonglin
machao
13403929996
15993807978
15537740402
fanbing
13569357194
18239177561
shenmengqiang
18703690219
13683924773
liujiumei
15139618137
13939329196
fengyanli
gaohanxing
zhangchi
zhangjiajia-001
shenailian
lifangyuan
18939173576
qinan
15136782256
13839168971
13837191359
wanglu
jiangdongyang
wangzhongyue
zhangyu
13523155659
jiaoyongxing
13783979140
qiaosa
18937510229
liluwen
15514118844
ligang
huojunpeng
xiaoyuhong
15226185077
13037523205
xiena
15890693192
18603861395
heqi-001
wangxianju
yichenhong
15238100986
18790284774
18903738451
15333951034
lishenghong
18739888407
15938395972
13838236944
zhouzhihui
13783734701
15039870926
maliya
wangrui-001
dengxinya
15565480755
zhangshuhua
yuerong
15538588338
renbingzhi
18939519892
18736868129
15538900552
13613905273
15090091881
18337557284
mahuiqi
15539926646
liujie-001
zhangjianling
18638585308
liushaochuan
zhanghuimin
13937272048
15037080337
15038698878
18639009720
chengongyao
13849944560
15803729911
13939949307
13938230168
13613747468
wanglifang
15886788918
13781919622
xingwenguang
13607644991
15036975497
15037842890
wangyihui-001
18003932978
13937502585
wanglei-004
13938070873
15038633865
18530083002
chenyingwei
fanailing
sangchunxiao
15037753756
songpeng-001
13782838051
fengdongqin
gaojie
15343794067
wuchenguang
15738308685
18790734095
songwanlu
13937813904
13393881375
maoyanan
13782221281
18211877770
13598346583
zhangyucong
13839982207
gaowei
zhangjing-004
liuchuangchuang
yangchen
liangjingru
13803734967
18639292646
13903885345
liubin-003
makaidi
yantingting
13707625770
13849256898
wangzongrui
15978733844
taozhen
cuiguixia
13781789756
13461546427
tangxuelei
wangxingwu
18539323627
xiejiahui
13503491038
18300680316
yuaixi
pangjukui
13523237854
wangshuai
13007672078
yanhongsheng
13503886974
chenchaoshuai
shenchunhe
jiayanmin
13838597857
15139996331
15837287291
13903915127
yandonglin
15138005088
13782855467
15893077692
18937767731
yumaosen
18937246715
15036065884
jialuyu
13937998109
13683852149
jiyanbing
wangbaoguo
13598111513
18530918645
18317390819
15837656636
18537951826
18739485720
13938137967
13137215789
13837496534
chaoshuan
13837552806
13781147855
gaojian
15937413388
malihua-001
fengyan
15637501519
mali-001
15879164740
15237312747
liujunli
13592572471
15036340970
15138793832
13598231918
13613726849
15236838900
18623760634
x
qingang
15136168981
15237313334
13569225221
dongyan
cuiwei-001
fgs-yy02
zhouyangsheng
13837888807
15138044090
18239822616
13523487105
18238662686
hefan
18639604655
15237428672
wangchunli
13462202718
zhaojianping
13849959886
15518323010
13803769489
15539528975
15037081666
liushangren
15538003267
18239788183
13569977849
fushixin
dingguanhui
15993992344
yanhong
13683800000
18625502268
13525056055
15103855327
13592033132
songwenwei
weitao
duanyongcheng
13782479222
huafei
xutengyu
13592057020
15936525977
zhouhui
liuxiandang
13903958996
15938909528
18638767087
15537839769
13733841697
xujuan
15937572393
15839061837
liuyue
15649995721
chengqi
huangshangshang
15503940055
zhaojianping-001
15188500991
18338580553
15893036303
guopeiyun
13183317056
18790657526
zhangzhenlong
13460518169
15518878775
liyongge
15716472711
18037905536
13938899775
13383722965
zhaozhiyong
zhujiancang
13849137218
18864680578
bailu
zhuyanhong
13733977714
15993937858
13838083609
18103989712
13283938202
zhangxu
13937463838
zhuxiaoyan
13782299441
zhangjinying
15139877965
zhaoyu-001
wudongya
15890119311
zhanghongyun
13460910031
15839657660
liyu-002
15936501845
15838852425
18638752668
pengtao
15038119370
15138122807
13683958611
13937097863
18638810981
daiyanmeng
13838629579
15690602159
mawei
13839584926
lihongxia
15286863155
13782015233
cuiyali
lvxiaoyan
15093121603
13938525618
15038834945
15516373630
15537287698
zhuxiaohui
yanxiang
13838982078
zhuyongjie
18603997076
13938582568
13703908197
wanghejia
13607698255
mashuhua
15090433203
zhouzhengwei
13781328578
huangfei
13461912157
xujing-001
15890698068
18538536868
caoliangyu
jinyumin
13938586300
13592698947
13183193980
13803957197
13938274815
13838804648
lipei-003
13939986559
xiaomingyu
hushanshan
suoqunying
zhaoaiqing
15836992883
15637052820
lihaopeng
15237161327
13663747869
13783622667
15236037146
yinxiaoxia
15238003444
15893763175
jinyan
15090064392
13569114368
wangfang
13213742105
zhangpengfei-001
18537312115
15939967859
zhaoxianli
18237135175
13783127987
13183305810
15138607562
cailubin
18236226162
zuobin
15539876101
13837268413
18003857691
13938653544
shaoyinqing
13409331034
15324677916
15738280879
tanghanxiao
13663878212
18137601583
songmi
15139021621
houjianfei
18839570062
zhanglu
shilei
yuanxu
15137802853
13782047157
18695922229
13673334719
15139501663
18637085355
wangyun-002
shenguifang
zhangxin-002
lihaixia-002
18338600383
13838961737
15937137666
15893889593
15837954396
13613960671
13513859618
wanzhenhua
changqin-001
18623883365
13569888619
15537203212
15239599611
15039940069
13837286580
jiazhimin
zhaozihui
13937500460
zhangjialin
qiuhaitao
18625611622
13938553956
13598437535
chenwan
fenglianrong
15993045435
zhaoqiang
13663883402
15994070956
13323831380
liubaoshen
liuzhenli
13523715628
15286988767
15238909568
songchaohui
13592509005
13673608259
15037356067
15649574285
18203897758
13663799782
15516281193
mateng
15537260456
fengbin
13033937220
15539251133
13523887696
15729035335
13663015656
15517967801
tianhongmin
13526193554
liangxinxin
13253942518
18790365307
15639083887
13803834725
18737335502
hezhiyong
15938773540
13693983693
yaoyongxian
zhaohengyi
zhaoruihuan
yangjinwei
18339348886
15139556239
13838816457
15203878159
13419762244
13193970506
linping
15225888655
13253959868
gaolei-001
15994047368
15639380121
13598438762
15039529359
13619874914
15139235811
wangxiaoying
18211665766
15139301096
shengnan
13215999268
jiaohongtao
chenyang
13569601931
13949761563
tangmeng
13603407839
suncheng
13721396465
15836588698
15539573050
15729324383
13643984682
18749001970
15544288358
haomengyu
kongyanmin
sunling-001
gaomin
gongjue
15903740993
18339055675
15939882188
changxiaohong
15837373960
15729326265
15839876946
xingyan
wangbei
13837690664
wanglu-002
15516498993
13938219903
wanglanyun
18238107902
guoweifeng
15670691972
15893650700
xx-yingyun02
13203939215
zhengguohong
18355330926
15037431783
18237670437
13683825821
13949605683
15649843115
13849182034
huanghufeng
13598737354
13781683813
guanchangqing
18237057307
weisuping
18103957658
13072681371
15237332575
18537704266
13839846899
15062179800
18749969849
13782908542
18638686561
15637686129
15938035539
13849164242
13663064986
13525415830
zhangyuzhong
liuhouquan
18937788786
13937610112
13939624858
lusenjia
13526710589
15936581456
wuyaofeng
18389846169
15993998159
15037273128
13839833745
13849142732
15138452364
13633771345
lvlin-001
13673797981
18637943145
13462557129
lipei-002
13939048389
tancong
liulei
lijingsong
15936133313
15038083925
weiyanjun
15936782529
15037612285
15238389740
zhangxuehui
haibei
18348489708
tianrunpei
13938954709
15516617052
sunke
15896619785
13503955654
15838786790
cheyangyang
13513903212
18790904535
15729039356
baoxigui
13598226887
fengya
wangyanan
shixiaoru
15803849313
zhangxiaopeng-001
18103969985
zhangqian
zhuhaijun-001
lixinya
15936664036
xueying-001
fanchao
15238467168
13639601931
weixia-001
15896633593
13939066251
chennannan
15090110722
15839335630
15136078753
chenying-001
15737677557
13213250476
daixufeng
13783857783
13283740661
15637347527
zhanglei
13513727810
dujuan
huangxiuchen
13603733228
renxiaoning
xinying
wangxin-001
chengxuelei
15896581992
18037423688
18272789567
15838511681
13523366528
dunwei
13643712028
yangjing-002
13837768933
15838235512
15903030380
hanpeixia
18623706282
15839233373
13253302875
13523314454
xuzhangning
18739346932
zhangzhiqiang
15039193516
liutongchu
13523876931
13525847454
15738724643
13633748373
15137454013
15937805476
18600211763
13703489320
13223077276
15838251222
13333889936
15294685411
18639372577
13673027327
lixiangrong
15838583929
13849337732
13782278540
liangfenfen
zhangge
18736571376
18237910789
15090104731
zuoling
18838123797
lifei
xiaya
18937539931
13683939817
13903759073
15003910624
niushujie
zhaoyan
13839274662
xuling
yangjing-001
13639683319
haojinchao
13939193206
13526466520
mingjingjing
13849257978
13409243130
wangboyu
chenxinxin
18339837862
longdong
13598986389
13837800115
13592630077
13030326568
linzeyu
15136949613
baolinlin
18937983119
13569804992
15539322923
13949721722
13503442925
18737690651
18037096396
13592619129
15538416410
18737613536
15639168391
13461759377
wangjing-003
15514831960
cuiweiqun
13569513577
13525970898
13460642838
majiwei
15838515185
13460479088
15937288774
13781270948
13782999829
13782855581
sunyawei
luhaizhou
18736043701
15893111255
13569098540
zhangtingting-001
18739397772
wangfu
13838984255
15837809399
15544352952
15703978981
13409223498
13653978906
13353767286
15839348629
15890580791
15093108761
zhuoyue
13939181977
13837223066
13193514566
13333880190
15838568279
13460657399
13838184061
13409337812
lijingxiao
13839132839
15539306828
15333922445
15838260990
18637616099
13613838069
13774209894
13903974275
13783076300
zhanglong-002
13503937426
13137277745
15294820327
13525999986
13782187409
15839384060
15936953309
13781670165
13525073310
18749629093
15518859444
15517978261
15836383237
15803913394
13037622339
13949416720
13938625225
13839744998
13837803125
18837496000
13939181123
13598455839
13938701036
13937564520
15225033055
13273739880
18367637236
13290705291
15838243616
13939373122
15639310582
13839312727
13203747818
13503434701
13603822277
15937816308
13803853740
13633710175
15994198660
13598150737
niuguanglin
15239460399
13462329150
15517511616
13043726647
13633822636
15839293195
13838717665
13525278692
13569439816
13303891140
13461277698
13598553128
13569276858
shuwenqi
lvjinjian
yangbaoxia
18738506608
13569955506
18338095568
15565207786
15824625485
15237791320
13673763338
13608448186
18749499591
15903687263
13223941912
15149668136
13507663429
18637329656
13949789889
13939954836
18839368234
13526442683
13513916882
13525890217
18736669934
13271518988
15939879292
13608668948
13513931627
13569773745
13782486849
18339407698
yiwei
13603407235
15038687240
18530234543
13462526751
yanlijuan
15136968728
13526818685
15896779775
18768859678
18695997277
15090677224
gaofangxia
yefujun
18239343729
13674913291
13937641070
15738305521
18037605685
likaihong
18134479585
13838796924
15978464684
15090331521
18236293725
13949479078
fanweiwei
15838943492
18937216626
15037539996
18737856630
13938689766
15713795257
zhengye
yuanshike
15188210929
15839890863
15994043989
15639186628
13653893306
13525379717
15837265895
13592286208
15937354140
yanglingling
13849027389
13783770922
fanxitao
guohuige
15836499883
13781661568
15993818897
18337742165
libaoxi
13598528187
15503771434
15036019687
13598671290
18568200761
13513847373
18738302195
13949123675
15978397197
13283823971
15225463630
15518212121
18790239223
13937920236
15565555780
13938698017
liangzhangcheng
13233757320
13838555168
15837596279
13083802129
15036508815
18037756533
13781521312
13903708561
18937234545
15896559221
15136099059
15837918699
15560229319
15038767360
15083068449
15038195562
13781673923
13781867056
15346253858
15137365064
xuemanjun
15003928235
18637139763
13938196678
15238571369
13569117330
15639766108
fanruina
13849772302
wanghongyuan
13461257718
18239091625
zhangpeng-001
15737427149
fuxinjuan
15039675756
yuzhigang
wangbinjie
15136200326
liuliang
18703869690
13643702385
liweidong
13965535175
13393968682
15238619875
zhaoyang-001
15514727496
18718695173
tianxiangli-001
maxiyi
15936463245
15939520869
15838493813
18625656177
yubing
13838809153
15565009137
13592376723
13213522854
liulie
lihuiting
13140007511
13598327688
liubaisheng
18339503930
13781079165
18623876832
wangwenhao
housen
15896968921
13017609601
15978755633
13592413308
13213909620
13462900097
15236641296
18625434448
15639373628
18336678665
13938508059
13598390365
18103957775
13460912067
15090259676
18240710217
13703703919
13643873673
15939650775
13137223438
18939241757
13460003315
15003703511
15893889757
13569373365
15993780178
15649612683
13949987812
15516003831
13137746463
15737639119
15003797653
15249712567
13803858875
13803858875