Guest
13503442925
13419983339
15839074735
15137995626
13849776137
13721878337
13783066930
13193955656
pandeng
liping-001
15994111917
wangxia-002
xutingyong
13937346246
15226129531
zhaohengyi
13461237980
15036666115
15603917941
15617269265
13683798689
15237791320
lixiaolin
tianwei
18790518245
15239234657
13623736281
zhanghongxiu
18537677599
15638168863
13598146058
13782676693
18637329656
15038864551
15896576572
15237954571
15937384667
18749578973
15036623902
18903915693
13223858777
13939897017
13592556802
18239953505
15837406384
linping
13525313632
13525811951
15037336716
13839684886
liutao-002
13949727619
18738502470
yandonglin
13526697461
wangzhenkun
chongqiuxiang
15936581456
liubaoshen
liulixia
13569944550
13938764808
13619834198
13203932988
13253700188
liaiqun
13373734208
18638585308
zhaoheng
18236620315
18737309659
15236025781
15838244133
liuyue
13213232151
13569149989
jialuyu
13462290077
zhangtingting
wangyan-005
13838922288
13937337249
dingnan
zhaozihui
13733903207
13223077276
suqingchuang
15838786787
13526089311
13526133464
18338701560
13837328164
13837456143
jinyanmin
18737357710
15729348531
13783800968
15936833592
15037652656
15639905283
liqingyuan
13837538850
15238528890
15838523554
15188263335
songpeng-001
xuyuan
13523237854
15225953660
18137327909
nielijuan
liujia-003
15993045435
zhangbaoling
13939557718
13782585930
13603822277
13937276135
xiongyan-001
zhaowenyan
liujuan
cheyangyang
13653981915
15839718789
13137309577
13938260609
zhaoyu
lili-001
15036395918
13353837682
13781573803
13461116200
gongjue
13783131148
18736046829
13569009552
15037305322
15537905312
18738526554
18738376179
13838891202
zhaoyanmei
13937240256
13569047910
15670755881
15239114561
suncheng
15038110106
15093381351
13598291458
duanyongcheng
15637398066
tianrunpei
15639136986
18237301255
18736627802
wangbinjie
13783214438
18790657526
13937263057
13526306670
wanzhen-001
18939383504
13569027041
shaoyinqing
zhangkai-003
wangjian-001
chenjun
13838200530
13598438762
weishuo
15639097085
13623773003
13783893806
13839064556
18037060550
fengaihua
13937725465
13623775125
13683916180
13613901962
zhengjinxue
18736898997
zhaofuli
18638951116
13203747818
15824844733
13781847592
likai-003
18749512754
13461495086
18625608137
15937380828
13733776613
13525355662
15837275159
13837775619
13903817304
18939256109
15939526698
13592166865
18037605675
15993056579
15236279251
18737113476
yangbaoxia
15239361135
15890207937
13703442121
15936226893
18438818811
18736633630
13101791871
15903069071
zhangdi
zhuyaoling
songqian
15565009137
15090008574
xinying
13353668948
15939520329
15993535729
18637339207
13639855550
15565789738
13513733829
13140438734
15937020128
13949300215
liubin-003
yanenliang
hansongtao
18317721686
15136949613
fujinqi
zhaoshenghui
cuiwei-001
zhouxinhui
13939645699
tuerling
fuxinjuan
13462935533
18439021520
18237135175
wanglifang
chentian
18237510161
13949868762
shuwenqi
13525999986
13938586300
13137762448
15137091751
18739136670
zhaodandan
13083753569
lichao-004
18839382838
daiyanmeng
15239301554
13283722841
gaozhen
lixinya
13707670560
13503460755
guohanjun
lvxiaoyan
13781979337
15886755709
13613749034
chenying-001
15136081811
15890114362
liudong
13598864049
yangfeng
13949354170
18567700751
guowen-001
13937737493
xinxin
15936780907
13838982078
13937770101
15939322285
15093467292
kongyanmin
15039503458
18037605685
13460733744
chenyingwei
13525535612
wangxiaofan
liujia-002
zhangyu
13838717665
13569528177
18623976927
15839315191
18336971119
15839888572
15237312747
18003801977
13569012916
13525536898
13783304681
18738118006
15893056969
13783547692
13939387105
15238232632
13838448188
15936372228
13733977714
13939930930
13462259586
15738717489
lixiaoli
18790198295
houchan
18211671445
13137030817
13937872178
huxiaoyun
wujinxiang
13137797760
15837665188
guoting-001
wangyanan
15036065884
13203971903
cailubin
18238583066
13949031793
18738298842
15836469257
13849997982
zhaoxiaoyan
houjianfei
15037750161
15890475799
15837088923
13849259900
15226158526
13525962035
18538128321
liujiumei
18530602361
15139763325
18336674802
13409494398
15824675826
sunxuekai
13938661095
xueyuan
wujinle
15225821575
15896830685
shiyanfang
15890226558
18137145569
18338003699
13939066251
15136711840
zhengguohong
15993807978
18537278595
15138966480
15239989993
13643731286
18538983987
15039671868
13683977073
yuanyiyi
lijing-003
13949466676
13939583261
mengxiaocai
13839966782
15137572689
13513764081
18638018130
15093098757
15836095927
18638372473
13673778062
18903996945
18530815100
13839399757
zhuhaijun-001
15603733885
15237167062
13083870006
15893848950
18338932930
liusong
18637085355
18203859782
15237185689
13253382692
13783231395
15249754118
15517397252
heqi-001
13939931165
13949292538
13526877611
15237430460
13598335350
liulina
13460159577
18697796988
15603878961
13619874914
15237313334
13460921066
18538807376
13663878212
18530918645
xiena
13323807832
18937207178
15939968532
wangxiaowei
daixufeng
13503417689
18348475302
18637918589
liyang
13837625775
13592358948
15003858076
zhaoxiaopeng
13462393806
13592036004
shixiaoru
13569357194
18839321202
chenchunyan
18135628386
15617470720
liucuiping
15565168850
15237136739
13663011910
hanyulong
13598296432
13783006520
liwan-001
15993046233
18639797114
lipei-002
15137960167
15515131903
yanglei-001
zhujiancang
13083768860
13603773281
13937195721
13937463838
15803704425
18537923795
13673334719
15537365445
13781127216
15939332384
wangmei
15938773540
15038698878
15637200073
18638385651
zongqiqi
15716670826
13839340821
yangna-001
13323758298
13782998222
13569052812
13603906810
wangbotao
15565382421
18003724874
13273969866
cuiyali
13148060403
maoyanan
15936858871
13137323596
13849720696
zhangpengfei
18639452827
15649995721
kongyunxia-001
pangjukui
13014781542
13569144422
fengdongqin
13525719879
13461109040
13939984996
18738302195
15838075668
18037291326
15637052820
niuguanglin
13523328004
13938137967
liyue
18637352400
15978397197
15516372927
18348074955
13781836558
zhanghongyun
13137403292
15836377222
18737856630
18738635188
15537740402
15839565199
15939988352
15503775763
13513722180
hansongqiang
13460910031
18003724595
15136782256
15716633974
15638679311
13213742105
zhaomingwei
wangshukun
15839284120
18937544667
13598699283
13461378868
18539511989
13837242184
15136815367
15037081666
13592057020
15037258235
guoruili
18237319439
13103657599
15518572687
15839314356
chenyangyang-001
15225992613
13071792649
13939290105
guohuimin-001
15617093316
maliya
wangyingying
13103792810
13721756156
13373725785
weizhirong
15518817920
15037012110
15037436930
13703469676
18037628701
13673804105
13343787588
13526108518
18303651360
13283740661
13569243721
dingguanhui
18738506608
15837954396
18637150150
15936501845
13783283985
13525636470
hechangqing
15239363987
13569799039
15138113321
lijunwu
zhouzhengwei
18937996632
13783866595
15994043989
lipingjun
13619833898
13937507415
chenqingyan
13333970303
13569192016
18530045775
13938448831
15139300593
18237382825
13526568711
15083361538
13461223388
15893220463
13243416396
13838616042
changqing
18937025136
18939258190
wangchaonan
15837964563
18339997989
15515694082
limuzheng
zhangliping
13017613195
13939957328
18337637236
fengyanli
chenyuanyuan
15103883039
15893835894
13409221213
13937292784
13148269973
15539716188
guopeiyun
dinghaixia
13837982805
15036623753
13513900375
15538351121
xiaoyuhong
18236226162
13838034372
13525669197
15738559899
13849113918
xiayuanchun
15039050525
13949729619
mingjingjing
zhangxinguo
15090297062
15136330633
15518870726
13783802634
13782282580
15037453515
13782393479
13939161085
13037622339
18238313655
kongqionglu
13213383182
15036605698
15839335630
wangjing
lichen
15083068449
wangxiaoying
15936517649
15037431783
18137246408
13253826909
13523930036
13781808636
15038357461
13939685585
18695931719
18937788786
13462265048
zhanghua-003
15037352399
15937002378
13083859674
15286964184
zhaobeibei
13303822831
15294893160
18103969985
15603985263
hefeng
wangmengjia
13072681371
15093121603
zhuyongjie
15203790248
jihui
13703477220
hechangyu
wangchenxuan
13838883865
18637736192
chenhong
13253669762
13460435811
15937037352
hezhiyong
xueying-001
13939389710
13462759649
13781869181
13346875799
15939310055
15346339821
makaidi
qiuhaitao
liwei-004
13526241779
huangke
liweidong
13837862220
13007555340
15137616738
15539244523
18838599800
renbingzhi
15603951308
13569322520
18224556150
zhongxun
18503948625
13673745223
huangwei-001
15239418996
18237889679
liubo
15517388950
13938755265
13949727356
wangxianli-001
18790645600
13523654748
menghewei
zhangyanjie
13598368183
15538003267
lilulu
15838899143
13938613089
13523992648
15039940069
18637234221
15838558683
13849565218
qiuzheng-001
15136528542
15037279777
15249757686
liwei-003
wanghao
zhuyanhong
15203902157
18939348818
15037856085
13598026233
15003703511
xiaochangshui
18638896558
13643901049
15837098527
15188411020
lidehua
15083068148
15939331741
13103936515
wangyuchuan
15993586408
13783525045
18790510528
15639777869
15239879858
18939173576
jinyumin
13781532728
15036670580
duanpengfei
13673341136
zhangjialin
13643882441
13598136025
18537247628
18737033445
13839846899
13619815184
guohongxuan
18303890853
18637498373
xingwenguang
15839170372
zhangyuxia-002
15517802519
18530820379
xuyanan
13633748373
13460685213
18937726911
13781893512
miqi
caoliqin
zhangpu
13403787552
15514371126
13623953050
jiaodongliang
15290462677
sunjunjie
18303767885
13513927572
kuangheng
13849855621
15036625279
15896925306
13525920739
15670688353
18937415279
13592067138
15939758220
15538668775
15617879623
15036396257
15670150977
13837632563
lijun-001
jiaxiao
13837046776
wangyan-001
15037377668
13663022545
13837191359
zhangyan-001
liyuzhou
13783210692
15137895595
15637527866
15136529278
18211665766
qinhaijun
13569863943
13461912157
13663957886
13673067745
fuxiaoyan
xiejiahui
hanjingjing
13598888155
15518899775
15136802266
13849402867
yangxiaoshuang
13839176075
lizhiqiang-001
jiangjunwei
chenshuang
houchenliang
15936682431
15890543399
chenguili
13523236605
18790828256
15993854556
15893889593
wangfang
15138568101
18211616819
wangbin-002
changqin-001
13837360648
13783679068
18238662686
15713877795
15896839704
18537211133
fanchao
zhangqian
13140007511
15286986315
hemengqi
18039205630
zhuxiaohui
jiazhimin
maxiaodi
xuting-001
13598136084
apptest
jinlingling
liuyafei
fanbing
18639704441
15617998900
gaochong
13838785558
13603902398
xingyan
13803874952
15993887351
wuyaofeng
13525065471
15638749245
13526683840
zhoujunli
13526281577
18239589152
13525497545
13938196678
13462596993
luweiqing
fanxiaoyan
13137136669
fanshuangshuang
18703855759
13633947570
13949542673
15603866721
13783868158
15138191182
15890634744
maming
13608656583
hanhongguang
13523999473
sunjiyan
chenxuefeng
13837557726
qiaosa
renxiaoning
15239996761
18637190815
18697795486
13137213053
xuqifeng
zhangxu
13273805328
15896899678
15236826245
13839584926
13333933326
13937580134
13592295231
lichunxia-001
13613726858
13949649524
13525235209
15239301508
15238574610
15503849989
18339276075
xujian
yichenhong
lili-002
13839785497
13033729155
18937295660
wanglanyun
18237588900
13783145317
18338716519
gaofangxia
15736982696
18537245159
18239397395
dongyan
wangzhike
18538578183
siyanan
zhouhui
13569089630
13373710505
18236143261
15896884750
15037234707
13461638926
kangshehui
15836314992
18790946495
zhuguanghui
13183333123
13903729046
huangxiuchen
18736425455
liuxinxin
13673889846
13837232489
15936457429
13733694087
13937460529
15896571800
13839527678
gaowei
18697707785
15939418858
15938731389
15937204342
13503469792
13839893016
15837596279
pengxin
15539876101
15538561620
15803934383
15993129019
15890119311
13462526751
13782713686
15836383237
tengwenxue
15303873096
13525627822
wanghuiyong
15238111828
15993718438
13673790081
wangxiaowei-001
15039398221
liupengfei
13137834269
15238626873
chengxuelei
13838629579
13140627533
fengyan
13183326999
15824880843
13213927051
18539011853
13781773099
13783633761
13523509206
13693885529
13460819508
13623858377
huanghufeng
13007622160
15238808839
13071785902
zhangxin-002
13938698017
13283843122
15893276906
13613855085
13837291697
zhuhedan
15660127026
13939048389
13783811309
15738700421
15637950675
15093993879
18837712511
13937993789
13526085181
15249714077
mali-001
13939895590
18736695199
18337115239
15836089576
13783111937
13193536964
lijun
zhuyongchun
liyaping
15039958952
18203898069
13849418110
13837648310
13253066600
18736571376
13938192240
xiesongfang
wanghuiping-001
15937625061
xuexiaobing
15518859444
chenmiao
15937400815
13069581755
zhangchi
13837280108
13598346583
13643984682
15038583311
bailu
15936651485
yangmingqing
18537205279
13014699910
13603433338
13460700625
zhoujinti
15936416652
wangboyu
15138073008
13523304968
15093730625
simengrui
suruina
jiangyanyan
liuchuangchuang
15938394366
13939350141
13598548189
18336961992
15936290576
13525049933
15803726335
13569852670
zhenghongyan
15903907258
18337456578
18240649997
13653893306
15703722111
18737236015
dingsuli
tianyanling
15936622843
15137241479
18625506473
15903933905
hanjicheng
15290052388
15903001007
13673458441
liuliqing
jiawenbo
13569095686
13783883278
13733921307
haomengyu
13693983693
shiletian
15286952937
18937246715
18738856300
18839940006
15093387722
13949487779
13526277318
15037368338
13271501312
zhouhuali
15137201299
15518212121
wangwen-001
13353632051
15544028211
15538382978
18736690767
libaorui
15036508815
jinlina
15836992883
18303935083
xuyan
tianjie
like
shixu-001
15037298586
15638983228
18603743675
15838943492
15939800226
15083081848
15836007651
fanxitao
15838543208
15824878938
guoweifeng
13653889652
hewenjie
13383872783
18625933095
13525685518
18625355525
13403822624
wangshuai
13783039697
qiuxu-001
18637872596
18537399369
18238035174
13419848364
manana
18639068247
13526661515
zuoling
sundongmei
jiyanbing
15565524852
13526193554
mayan-001
13461046459
15938995051
wangjing-003
zhangxue-001
houyongli
yaotingting
13939990145
15836332597
18530101189
13503728793
15936198809
zhangshubin
liuyuanyuan
13938712968
15036340970
15638996665
15516453440
13383921285
xuyaowei
18003989099
18637238755
limeiling
18736826289
baiyu-001
13938306952
huangqiong
15839229559
15839686859
13513981899
15993331078
13783232903
xuzhangning
15838834305
18003955027
13523658837
cailinpu
13949545846
guopei
13513731272
13938596323
15237428672
18538105770
13071738785
15136110362
lixiangfeng
18939360407
tianmeng
13140000638
13598553128
13937097649
zhangguodong-001
13721812359
15303743929
lishujuan
likeke
sundongliang
15003795133
15333856310
lipei-003
jiangge
18623760634
gaoyanli
13403919094
15565596021
niudi
15890948997
chenheng
lishuai
15838065800
liushiwei
kaiyangyang
13523037679
guocheng
13598759885
liyake
zhangshuai-002
13639688456
15937331588
13838179761
13783864931
zhaoyongjun
15993951311
13949761563
lixiaohong
18003728118
liangfenfen
13033937220
13781051009
18937922913
13838712091
13569582152
13949401709
13781505616
13460802205
13569108115
13663049797
13939553073
15938734097
guoyuxiang
zhangxiumin
15936692481
13653934504
13938954709
daichuan
15565678587
13526526714
15803793277
13838538805
15838235512
hefan
15890250609
13592198630
15137221712
gaochaoyang
13592698947
13030326568
13783896723
13569014312
liangxinxin
baichenyu
13849256898
13849280462
15565000074
13733916643
lijing
cuirui
13837028911
15993053399
13782048568
wangxue-001
15037371269
13639864971
13849730013
wangjuan
wanghaibao
15518870256
15226143856
guanzhongyan
13613803622
15037818558
zhaozhiye
15188278627
13938584196
yanlu
15090596015
13523008838
fanailing
huheting
13333816972
xieweiqing
yantingting
15203888995
15003952724
luomin
zhuoyue
15824773557
zhaohua
15837821772
13353639027
13027560725
18237758633
luqing
liangjingru
15890341957
15343721121
likaihong
13653750022
zhouweiping
13663063220
13937747641
15939901740
yuansong
15138467105
18224553355
18503973789
18236299656
18237827419
15637589521
13782369667
15037809300
liuzhenli
13783835071
13323720197
zhaochao
zhangruimin
13613747468
15139235811
13721612737
18338210941
15738305521
18037726638
zhangxiaobo
18539005208
13523897298
15937200848
15090110722
13613774396
18790543700
sunmei
zhangzhenlong
huojunpeng
13683951605
zhushenghua
15514834555
guochunyan
15294685411
13782049476
13323751312
15238902570
zhangdongjie
15516617052
13949433499
13148218111
18637379048
liudonghua
18203721610
18239788183
15903858917
15838511681
13526995362
huangjingya
malihuan
15137210502
meijing
13137765297
13849732217
15939882188
youxuewei
15539111443
13633748175
15560114825
liutongchu
wangxingwu
15836433556
13607644991
linlulu
wangyihui
15136855893
18037905536
wangxuan
15518879247
zhangruina
18803799808
yangjing-001
15893596684
zhangyan
15136653182
ruihuiyun
yilin
15093936607
13838051801
13849774676
13526622027
15249770202
15838168921
15716384249
13525801393
wuchenguang
13939022184
15037403789
dunwei
15939904867
13949637881
15936015209
18538569130
houkexia
xuling
zhangguiqin
13569806336
15993792033
18363122928
15137917115
13837558358
13782049504
18623757633
yangyun
13598657870
15083273855
jinjing
zhaojianping
chenyang
zhanglu
15137596167
15037842890
15037375988
15738588959
13592688418
tangmeng
18203897758
13837888807
15083064479
13782182610
taozhen
18337129889
18503991221
fanlin
aifang
15093729818
13781047989
lili
13782226228
15994039378
18837278887
15539386118
zhizunbao
13839301084
15038786737
13271383392
songwanlu
yanglingling
15939076922
wanzhenhua
15890042281
13707642533
13639679367
15039377723
15837934111
13939300560
13633898087
15544372050
15737897431
13569015483
13137437282
13683958611
18637841411
13462527775
13949385084
13137829665
zhangweiwei
15565168003
15518287235
zhenghao
15893097078
13461277698
15225931322
libeibei
18236721771
15981825119
zhangge
18613735228
13937285775
15082935727
13939502767
jiaoyongxing
13949302587
chenziang
sangchunxiao
18300680316
huchangliang
15890852758
13939130847
13673533234
13598644731
18738151837
13592156509
13837021104
15896639492
13839084486
15978302878
18236352254
13781679609
15518850179
18739470566
13271210559
13783236885
15893354971
lishenghong
15836165035
lixiangrong
18237130697
weidongyan
18530827899
liangjunjie
xiaobin
lihan
13838353357
weishanyu
wangchao
15539573050
13033937772
13603428546
15539998054
15936758728
18738173038
15638851925
15939378467
18637248577
18238692358
15539865035
18939302108
13623725866
13782136635
13569621897
zhouyanna
15038687240
18737736406
zhangxiangfeng
15893493018
18625664488
15993305285
lvmengning
13937870736
yiwei
13700888705
15893848807
15890087197
15333846775
niuhonglin
13937250910
15839090678
13569276858
18637807650
13839096448
15039842270
15139185998
wangpeng
13633822636
cuibinbin
15836443678
13633998193
15839220942
zhangwei-001
15037189786
13673069958
15837131439
13839776070
liyongge
fengxiaohua
18037679553
zhukun
13903787009
15290241718
18239343729
15939722680
15036486180
15670855695
13949063663
18937780596
15037889450
15138968840
13938537050
13043965900
15039346936
liucaihong
zhangsong-001
13523887696
15516293390
15037487258
13526385918
huangshangshang
15239896031
15538857152
18903906567
wangliping
chenxinxin
13193532448
qinan
15514057958
13253867193
zanyuna
15137438996
15515863707
jiudapeng
13838163717
lujing
18338371127
15203878159
13598751897
15225662150
zhangxiaoqin
15938681089
13949827162
15239599611
15938808060
13633754609
13523673318
18939672800
18903758802
zhangyuanyuan-002
18939294277
18336872629
yuanshike
yanghang-001
liuzhihong
13137903888
zhaosasa
15993224577
test1
15896570969
18339398585
guojunjing
13723222215
chenwan
13939223331
zhangtiantian-001
wangyihui-001
13849409685
longdong
13723054068
13783807995
18337465738
15824909168
13693987238
guojun
zhangshaohua
18348171712
13203859633
13064408865
songkejia
liucaiqin
13838000673
13838111882
leihonglei
13783450360
huning
13608491900
18639233258
13298203222
18236508516
zhaowei
18236954568
15516502003
13838750277
15039723532
15617279390
luohui
15838920308
madandan
13633710175
shangbin
18903886882
13603488205
15937574402
13523260509
13569664812
18238571097
mashuai
13837430848
18539702316
13839831642
18237138962
13721397120
13462294620
13569888619
18539134369
15938516198
15637580882
linan
13703458695
xujuan
13140411115
13838236944
18037589952
13949416720
13683800000
sunhua
zhangcaixia
13939070241
13526237001
liuxiandang
xieyuxin
wangwendong
cuilingjie
15893752583
15637977691
xiaya
13613771558
hanyanhong
15617166300
13419872864
chenhuijie
15896858184
liuyaoming
zouwenting
13462670131
13333720772
pengliyun
18639913605
18837496000
13781861659
18338336256
zhuxiaozhi
13295031177
lihongxia-001
13461663501
13633737827
13633802035
15093568763
13213262928
lifei
13592062095
18838123797
15838500968
13462258711
maxiyi
yangxue-001
15188342631
13643712028
13639651262
13598791236
18567170099
18203899299
liluwen
18103989713
15936760792
13611861848
wuxiaohan
13723023629
lijingxiao
18039255508
18539918896
15346102379
13639688610
18238107902
wangli-001
18703815185
chenying
18538769798
13243286215
13598774376
lixiuli
15518598396
15137135000
13938180292
15838268868
13525890217
15516281193
13663810660
13673797981
gaofang-001
13598437535
tpy4
13462628575
13503978518
15936951474
15225078826
15729039356
13781789756
18336259892
fengzhanhui
15938550945
13949782205
15236842678
15716665166
18638010897
13353698167
18337742165
13633984877
15896589607
15637741656
15137495500
18736867525
13782011163
13461036580
15514713599
zhanglei
15839293195
15303776692
13303891140
zhangtingting-001
13849871971
wanghejia
15036556941
13781229138
18037666637
15093639958
13938008196
13569806736
13839984010
15090242093
13525847454
15839461109
13033863614
15036263541
huangxiaojing
13783622667
15037033684
15518838125
13782228376
15836142635
18537375856
15690819698
15839890863
13526077336
zhaoyu-001
jianhaitao
13613905273
13723013898
13603407235
13526623539
caichanglin
13939067547
15139492380
18039977972
13503914754
13721724649
13849861960
15224867618
panhongbo
15893839280
13781837879
15290937923
libin-004
15838183634
13403791802
13639636679
18737989569
13592290299
lusenjia
wujing
15639137666
15670103663
13937535093
songwenwei
13639832877
15911099873
lvxianglei
13513947099
15893495332
13939354888
maqingdang
13271008707
13460958471
zhangxian-001
chenyun-001
18539638967
15518637993
majiwei
18625728298
13137834669
18211949744
15978871992
wuxianguang
15716782569
konglingsen
13849092270
13526550936
15978310202
18637675876
15037381922
wangsixi
18339377068
13938711554
18638112606
13938245753
13849776799
13673903611
15225500797
13938653544
13569117330
13513739437
18568251725
15639762547
15836822626
13837195818
13523969859
15890947235
15937308763
15537224488
sujiwei
15225921267
15137365064
15083115698
13462557129
chennannan
lihaitao
15333963079
13103898898
15515239401
15560200540
18703690219
15237517330
15237250967
18939098533
13271087772
18317390819
13569090880
15538777603
18790775180
songxuekai
13837286580
zhangkai-002
13183193980
13462170627
13663793252
guanjingming
15083161721
18538563651
liuli-001
13837577216
18749027298
lihongming-001
15517371887
18623830118
13271436768
18003935992
13193874518
18623748816
15836401262
15138512588
liqiang
15938986563
13303866398
fengdazhi
13525293899
15560260558
13783210418
13803720604
15538875432
13603761646
13937438222
biyanhong
13462436959
15225855327
pengzhenwei
13781079165
15937450498
13343696867
zhangfang-002
13703424318
13838057375
18937767731
18637367058
13939700344
13523789880
shiqipeng
15236597255
15225482980
13523722171
13837324028
chenghongyan
18623883365
13513989113
13721423669
15093955017
18272595300
18238809837
15649911633
18538078952
13803943613
13781670165
13137069678
13781360088
niulingyun
13837232565
15138271471
15238772066
13569516287
zhangjing-004
13569804992
13781793568
13523723021
13849267026
15837102928
15837412104
13598346546
13839826334
wubo
zhanglulu
15638290535
13569234299
13603707288
18239652638
maqian
15893539530
18537033969
15138206968
15837196535
15039877656
15836937699
13193514566
wangyong-001
jinruilun
fuyuwan
13608423357
13461998231
15093997197
zhaojianping-001
15639500984
15938592048
15936187687
15837976076
15670588866
13733906656
13607644122
13721426554
13838457830
13673690246
15893838519
15138764296
yuexiufang
15903656635
13071776623
15565207786
15236439918
guanchangqing
15333939298
13683805276
15514943543
13603900358
18236721981
13949162016
15090677224
zhanghuihui
13462569298
13676970679
liangyujie
15837668208
tanghanxiao
13526438117
15938199326
xx-yingyun04
13523759091
jiangshasha
15188463570
18695932526
13461700032
13525931178
15716656968
18211872117
fanweiwei
13903897618
13663864763
15836127261
fengbin
15137101377
zhangjinying
13938582568
15290185391
shilei
13949157549
15688102225
liquanli
15837978960
lilina
15225599935
sungaoyue
wangping
15993273398
15999561530
15239256128
15083032830
15993608761
13183305810
18037605687
13939812350
18738080880
13592148576
13653887723
niudechao
15937641073
18838116339
15837739863
15938395972
15837626153
18625350626
18603871407
13837755672
13629878826
chenchen-001
13592603136
18749559919
15893036303
15937288774
15138689041
13569513577
15837656636
15839897012
15303946048
15837180838
13598150737
15903900011
18338373877
18839639621
18037605605
18537623136
15994047368
gaoyuanchao
majiangtao
13569293731
zhaoyuan
18530083002
18339225352
18736577162
15037941626
13781929235
13707660340
18239177561
13949604106
18937257694
18567042332
18638762288
18103957658
13503870740
15937473682
liuchuanyi
15138042811
chengwenjiang
fuweican
13939227395
13783250711
15136134200
15836321889
13525728108
18623706282
wanglixin
15037597173
18790202595
15038589153
15238652420
18625683311
sunman
wangchongbo
18137195955
13939808565
zhangsong
13613726849
songshuguo
13603753209
15737758813
13839336800
15137590327
18240691263
13903769095
xuang
13333757739
15936967587
18737346173
13203939215
13462837485
13461713718
15937442648
15729256669
zhangguangchao
niuzengxi
18639396560
13569521301
13783979140
15690706533
18939650903
13137382653
13817651147
13782221281
13839139066
18736722592
13525190654
13598298331
liuyanhong
13849207759
15839283743
15903971696
18567611186
18272771578
13653799228
13503491038
13733862278
13653887162
15137020375
13700788941
15938375655
15286914253
18338023101
15560058121
15346253858
15837062358
13683900026
lixu
13619803697
13323620755
13707623080
13283948679
zhangyi-002
18790795841
15737180168
15039696410
15939339811
13513813899
18790484352
15237264965
15937310383
15638781715
13103756505
13569876451
15038734380
jingli-001
18637235917
15617366194
15716472711
15203855073
13526982298
13837536693
18103975629
18338361139
xiaomingyu
13849860323
zhangxiaopeng-001
13949680248
13781195024
15936245055
18637943145
18937539931
wangruiying
zhuyaohui
louge
13703420864
13569441982
18239040777
15617869825
13223892596
hanbingxue
13837578077
13781491019
zhangxiaoyan
15803758540
15738379233
13721431577
13598100259
zhangdongfang
13271635382
13937023332
18638851306
15239430688
15237216041
13937929773
15518523334
13233763660
jianghemiao
13839108607
15937466560
13271306207
13653919928
zuobin
15638575532
13507680910
13838532629
15938682963
xx-yinyun01
15565779359
13938553956
zhangpeng-001
15670066766
13598450429
dingxiaoyan
13721814783
13939181977
18530651582
15937572393
tpy2
15136417717
haibei
18037592786
15090091881
13503723283
13569522527
13461228178
13613838069
15738134158
13837597857
18237381119
zhangbin-002
13837368948
13346802685
13525356616
13782999829
15136254577
13523491330
15517861702
13949599008
15037753756
13603973338
15893931194
13803853665
18603738069
15236671315
fufengwei
15093709584
13592608215
15518870881
13513910659
15515175166
18613736719
18637344422
15290865153
zhanghao
13938951102
13673610138
13673610318
13733698698
kongyalan
lijing-001
13592619129
15036111301
15836313453
18238985563
18537230853
15236438932
13803734967
15515197565
13569735500
18603906920
13461134819
13123751626
15937564392
gaolei-001
13781716929
changshaohua
18339407698
lipeng-002
qingang
13569092061
15903056644
15896779775
13782311874
13569098540
mabo
15879164740
13333768825
15893921187
15518628666
15538393233
tangxiaohui
15083089620
dongyunpeng
18864433885
xuemanjun
15670016308
13643818459
13803835730
15138525575
15939097354
13782799110
13323906816
13838170489
xuting
18339926948
15137979386
18638359548
18303998066
15238571369
tangxuelei
13526664815
18337557284
15082976250
13525698017
13619837873
13015546179
18339276015
15036352212
13782970326
13803701655
18737335502
15503884568
pengyanlai
zuoyi
15518195500
13939163561
13837978267
15503771791
13460983777
lipeng
13503442228
15038854480
13233757320
zhaojia-002
18625434448
13461089900
sujunpeng
18603757076
18103957721
18625515018
13569164015
13663015656
18737316777
13774209894
18637597976
liyi-003
15637035932
13183317056
13513919965
13838817054
13295985092
13503716957
13462336928
15670410808
13939150583
15617888845
13781976789
15638528502
18790810202
15993164531
13939827123
15937383700
15237688310
15093906120
18920056881
18638219546
wangping-001
changfuying
zhulili
liuxuanwei
13253027178
18638767087
wangruifei
13523427969
lihuiting
15837265895
15139052921
13273020091
13782510194
wanggang
13346833336
13839836177
18737260940
shangtiesheng
13839191996
18695817095
15837999699
18300673751
15036226775
18790359656
13525871802
13839553419
15537003451
13781521312
15037588979
mateng
15037539996
18238476311
13033898972
wanghaitao
14523123051
13303779280
13693778449
13462277738
zhangliang
15037285805
15515518675
13816246346
hanliang
13849974236
xuexianwei
15236795500
15093969950
wanghongyuan
18503723282
liqina
15093072536
13295085795
13781683813
13939628777
15516003831
13849006239
18236907495
yangli-001
zhangjiajia-001
18937853832
lushiji
15203757559
13014533028
13271263528
gongjin
liuhua-001
daifei
qianyifang
baimenglan
zhanglijun-001
15239874058
18236293725
13733807123
lixiaomeng
gaoqiuyan
yuanwenping
15839800778
13937129558
15037452655
15838907600
13525941770
wangfu
dengxinya
18738503482
15538282765
13462707799
lihaopeng
13939479302
15893538178
13949013081
15236272679
13525379717
15037063210
zhaosuli
15093651290
15303957001
13937220835
liyongjie
15226185077
15538435666
15093377450
13353830910
15539591878
15664376188
chenxiaoyan
15838283489
13137622207
18103966985
18937886319
15038633865
yanlichao
13949987812
liulei
13783408313
danghuajie
18613778027
13837697308
15537909559
dulei
18530912969
wangyun-002
13949123675
18768991837
15837685078
liqiang-001
18749251069
13707644118
13782215156
13525766375
13693972060
fushixin
18539792358
jiangxinfang
15225791883
lixiaodong
sunminhui
niuwei
15237147771
gaoxuefeng
xiewenjuan
15837631497
wanghui-001
liupeipei
jinyan
13303781249
15137223650
15937229265
13623994475
15937290444
hejiaokun
15639186628
15936885049
luliang
quyuming
18903782134
gengyuxing
13503886974
zhangchunli-001
13243300363
13693759139
18639572336
lijingsong
15936081756
jutao
15639232668
18337174994
15083256865
15690899983
14523123257
peilijie
13938701036
13837690664
guanjun
liangzhangcheng
liulie
18103989712
13598403008
15637097400
15539251133
13203704751
15038018136
13938187772
18837378989
13333948382
15637129720
15343739839
liying
15993998159
13087014705
13639680640
13592138133
15539470006
13607670434
18790670266
15516930039
13409337812
15938746657
zhangweibing
liusujuan-001
15537392307
13721785366
15637261870
13937940546
13323797768
13849992521
13137887343
wanghong-001
13849011821
13298480908
13460661826
guoling
lilisha
13703941119
15134837464
18639329077
lile-001
13803834725
15136936255
13525225083
13513943558
jieli
18137605135
18238035866
18736280793
13525948402
18637616099
13673018715
wangchunli
wushaokui
15090491092
liuhaitao
15237127499
cuiguixia
15039766985
zhangjunfeng-001
15343794067
15637347527
15203737301
13937213175
13525635718
wanglingling
13782006005
13938219903
zhangjingxia
gewei
13653908975
15194645715
18697709935
zhaohuihui
13213278979
13333912291
liumengjun
13838766598
jiaohongtao
13837002002
zhoushentao
zhaoyonggang
yanhongsheng
15290872218
15037578566
13323897065
15139597263
15893571505
13014778811
zhangjingjing
13783762559
13569434834
18682000871
xingjunying
18537980665
18790239223
13838307858
15003886271
13569581839
13937344502
13838811100
13781898388
huanglu
chenxiaobin
13460480300
13623947474
13507627073
18739630315
13137106020
18749935182
13837898119
13783693364
wangli
wangzongrui
13373770736
13030366388
13839915686
13783870558
13383950900
13781329421
weixia-001
18039126568
15937691562
chenyan-003
15937502652
yanghuiyan
13838639549
13137623333
linzeyu
18739870670
18337473212
linquanguo
chenjianchuang
zhengfangfang
13837299737
heshuaishuai
cuiweiqun
wangyizhu
licaihong
13525608520
13781062680
18339376380
13782618260
louyuanxin
liulan
13673398369
lvjinjian
liuhailong
15539136053
fengshuai
15036580080
zhaoqiang
zhaoaiqing
houjunfeng
15939169998
yumaosen
15226111182
15226128704
18236709783
13273780393
15137454013
15936525977
13663039065
chengqi
13733841697
wudongya
15036222247
18749416788
13525853313
18837232615
15039870926
lilina-002
13598687418
caojingfang
zhaoxinzhi
18790986583
jiaoyujin
18860264007
15225106142
13723215212
18937708509
18003884921
13503432343
15937835050
14783444124
13213463185
18236725652
wangshuzhong
15225605265
13569544260
15136050528
15837367922
13838310282
13462241112
weixuyang
13663922469
duqianxi
18736686072
13001253428
18737319063
yaoyongxian
15537443993
13703901931
13938899775
13273734595
wanglihua
15225068305
13663978193
18539612014
15994070956
13523026468
13937981703
13949327643
15938978776
15093568829
13837649297
13837116284
zhanglong-002
13619915575
13513938169
13569946675
13569773745
13783133138
15716676365
15239025168
15037407360
wangjun-002
moshenghui
15036260501
15236321175
songyuanhong
kangyanhua
13939596225
13839405607
13271387626
pds-zhanhe01
13838083609
18137503749
wangdan
13781937262
15639168391
13721773267
13803898175
luru
18637137845
15896829441
13849384705
15137464373
mixia
13193650353
zhouhongyu
liyanyan
shenxiaodong
13419903322
15188596396
libin-003
13837212554
15737733349
18238191677
18339763075
liubaoguo
18637499861
15716786780
13069528379
15893992276
15239822700
15893858608
liqichao
wangchenyu
13523995251
13939399589
15637510685
18699667654
18739204692
13838555168
13569439816
15936770568
15237370682
liqiannan
13782736696
hejiangnan
13608643114
15036698275
15137116137
18937776358
15560194509
maxuemei
13525996548
13137501969
15539878251
15839894080
13782343719
13849959886
13283000709
18103989735
18103809933
18530538525
15138980589
13849520581
18939029030
15036862206
13526466520
15137097014
15938048194
15138073525
15136562714
15838475762
18537312115
yaojianqiang
13837885818
zhaozhengang
13525527961
18336971883
15637709666
15139618137
13838889042
15203895029
13703780815
wangjie-003
wangwenhao
18336636677
13592112341
15939039601
18695975271
15836257859
18739348527
13838275212
13598790986
13663903820
15225240081
18537517037
15036739637
13939506550
13849772302
13643771597
wangqiuling
15637221882
wangqi-002
18538536868
13592364268
13663799782
15037201927
13903974275
15936664036
15190051070
13938260950
13253753649
13193975662
15343820750
13613910005
jiangwei
liqingwei
shenailian
13698822842
wangdongxu
18539216852
13513916882
15903861008
18738156793
13838774035
18817374005
13849185890
13818272320
18639086687
15893889757
ranaijun
13137890036
15503707522
18937234545
13523569516
18703869690
18626648713
15837650688
15939771512
15939669476
13698851679
13253959868
yefujun
13753929270
15393767617
18503800824
15560130676
15137749171
15639380121
yangjingrong
wangzeng
zhangyuxia-001
15236037146
13503899077
15839028592
18239805535
18338152399
18238585326
13526283462
15670418838
lihongju
13849182034
13193791150
15639648712
18239373186
13838395713
15981888394
18237568342
13938714285
15138213496
18624870515
15514160656
yinxiaoxia
18236136636
18875134877
getao
13653844259
15537203212
13837810765
15903728911
13839756516
13513781218
15993841609
13598705283
leigenbo
15515029411
fengguitong
18639481015
13523570207
13938652666
15039693311
13782769569
13949605683
jiangbin
13303818189
18611250397
13253942518
13939981248
13603418476
15890127060
yuyage
15290067218
18239175266
13937536270
13592514488
13409482227
18539100190
zhangyuzhong
13783372569
yueru
xx-yingyun06
15565998933
15754316318
baihuiwen
18237153058
13592509005
13903915229
chenxiaohong
pds-wg01
18338984907
15837287291
zhouzhihui
13569955506
13803961165
13633711810
13462988506
tuyong
13525029955
zhouhaiyan
15236275553
18790526241
15896581992
13523886610
15896862890
xiadonghua
15538678815
zhangliying
18555026470
zhangwei-002
jiangjie
yangjunjun
liujie-001
15103793260
chaoshuan
zhengxiangyang
libingqiang
yanzhiling
13839982207
13140438568
13828216502
18639516315
18638387360
zhaojimin
chenxiaobang
zhuxiang
15978770976
15994129500
zhangpengfei-001
niushujie
18237051515
18300670885
15139506271
wangling-003
majingjing
yuyang
18037203011
15093985838
huangjing-002
15236902957
15670691972
donghaizhen-001
13569082094
13826880408
15038119370
15639766108
13837289521
15729345425
yanghuimin
13507663429
13526124823
15518818125
15839187244
13903845518
13838796924
18037597870
15890754284
15062179800
18338560617
15637570117
15638123620
13037618498
15565234147
13703802499
13938230168
13663863372
13183132919
18637210855
15237876008
15290551529
13598109197
18237910789
13707645086
13839917199
13525212328
fangjixiang
13838516003
15038102221
13462787195
15601902798
13137277745
18736657155
13939162664
18272767319
18737613536
ligang
13938508059
18134779318
zhangli-001
13721797671
15938177780
15839856843
weisuping
18736736971
18637605677
15544352952
15896633593
songmin
13213522854
18037879629
18003945183
13523324120
15978450552
15539196662
18262168392
hushanshan
15736994795
18839252355
13693753358
13017552577
15890752580
15093102797
13938810464
13938990718
13598782058
15036653971
15993937858
18237617858
15236641296
13721462189
13938567356
15036790782
13937994295
13782531510
15839361611
18638486121
15993780178
13939178722
13782578711
15839790608
13939399579
15203953827
18603767604
15139996331
18937216711
13903885817
13849337732
18237502718
13683931033
15139185803
15139185803