Guest
15294893160
13513786241
13623785090
15039503458
15037375988
13781836558
13183326999
13137960439
15539528975
18790986583
15937793407
15838515185
15203757559
18339837862
15890033933
13849569188
15239896031
13949827162
15836332861
13938829532
13937737493
15237599903
15738700421
13633899441
15039377723
zhujiancang
18338159066
15978450552
15939339811
15238902570
13569544260
13323807832
13203747818
13782486849
15890852758
15136556627
13949013081
13262197271
13460700625
13837536693
13569357194
13137323596
13803773595
13849565218
15993792033
13721759938
15638996665
18749001970
13213383182
13849424409
15139397400
18739939883
15939418858
15138060871
15836546578
15993687495
13939066251
13283938202
13623872643
15836992883
15225921267
13462670131
15637398066
15136128185
15544444897
yangjinwei
18737407388
15136815367
13721895996
15938978776
18937415279
15226128704
13838163717
13525356616
15188423109
15896576572
15938808060
13623912858
18903906567
15237954571
15565000074
maliya
15226158526
18336961992
15038110106
13837982805
13193532448
15237216041
15517861702
13462759649
15544457362
15083032830
13839256303
13937309148
18639536088
18530552789
13526697682
13849871971
fanrongrong
15239361135
13837790147
15603866721
13937870736
18603862896
15893566025
18037065918
15517855343
18737188388
13513989113
13213463185
13781683813
15237428672
13613803622
13103634889
15836469257
18336433910
13017613195
15039569792
15839526565
15188392080
18103978580
15139584902
15239301554
13213923178
18903738451
13939389710
15838523554
15236321175
18339356929
15537986898
15137097014
13781789756
xiongyan-001
18203938988
18613736288
15937990857
tianhongmin
lihongxia
18211616819
shenhao-001
18103753590
15003952724
15037652656
15037889450
mabo
13148046918
13503955654
18317570649
18625506473
15518905953
13723031094
15238085545
15639380121
13938954709
wanghuiyong
15090064392
15037753756
13663011910
13938008196
18537677599
15003858076
13783282303
18737113476
haojinchao
13619874914
15514792199
15839082430
15093568763
13203899811
18538983987
chengqiuju
18530512627
15603951308
wubo
13137765297
13592054276
18530918645
13849087826
13849257978
13838170489
haomengyu
13462347045
houkexia
mali-001
18239652638
13523328004
15603878961
wangmengjia
18103969985
18137590423
15838500968
13738186971
15083064479
15237312747
13849259900
13783875581
15137596167
wangqi-002
13503442228
13525685518
15837626153
18530101189
18211852955
liuxuanwei
15937020128
zhaojianping
13838937184
18537923795
15938266132
18697708821
zhangweiyao
18864680578
15517388950
15836822626
15637741656
13373710505
18538389550
chenhuijie
zhaoruiping
18537933305
rongqin
13782282580
13503417689
13949201885
13303779280
zhangyi-002
houchan
15838168921
limeiling
18567150619
lili-002
18937918806
13346833336
15238111828
15038840272
15537683665
13007672078
18336971119
13782125988
15939968532
18539363110
lilei-001
13461237980
13939073969
18530651582
18613736719
18903996945
13384062939
13837690664
15603917941
fanlin
13949401709
13569222576
15083068449
13403917897
13460684729
15837275159
15136562714
13323720197
13839846899
15290812552
guohuige
18738156793
wangzhenkun
18537122608
13462527775
18637344422
15037258235
13838200530
13033484236
18317721686
15537092332
zhaodandan
wangyanan
15993331078
15093748171
18736867525
18272641205
wanzhen-001
15239785950
15896571800
15670458799
13017558557
13393776637
15290645994
lixiaodong
13939329196
15903069071
18339997989
gengyuxing
18137011029
wangrui-001
18738635188
jihui
13781532728
18790543700
15286964184
18539009788
13849113918
13619833898
pengxin
yuyang
13213927051
gaochong
18790946495
pangwenhua
gongjue
13937517761
18538105770
15039306576
13938553956
13525627906
15090008574
wangliping
xuyan
13523681208
13721731349
15837163353
13938184240
18736633630
13243369730
15839565199
13303916321
13140627533
zhaowei
13838629579
renxiaoning
15890921379
niebotao
15518637993
15236037146
18639290976
13782585930
18837378989
13613905273
15637935155
18438229527
15837530569
15993887351
15838260651
15938995051
18339225352
15936208680
renxinli
15936886177
15893839280
13343889648
13030322303
18837278887
13083859674
15838899143
15239700099
13783608528
15503851658
13253302875
18768992838
13703477220
15303913011
15037842890
13939350141
15238139399
18625980707
13137309577
hewenjie
yangna-001
15617998900
15537267683
15037012110
15537783009
15188586573
15803849313
13409467772
13513922568
13525065471
zhoujinti
liuzhao-001
15839283743
13633708671
15303797646
13623994475
18790198295
liziyue
15838115410
dingnan
15896862890
15670150977
hechangyu
13838057375
15039773268
18037291326
wangjian-001
13949592787
13783866595
13526089311
13838179761
15993871163
13938689766
yuanwenping
18137246408
13782676693
15939331741
15839367499
13525073310
15518899775
13461764390
13569616770
18239351079
15824962685
13461638926
18537980665
xuejin
15893220463
13603958050
18538807376
15837743066
13523392905
13569061195
15136651316
lijingsong
13639688456
13838037704
15937731522
liucaiqin
15903889951
zhouzhihui
liquanli
13693749767
13783802634
13721812359
13839323925
15936661104
13193514566
13462787195
13503957100
13525962035
pds-wg01
15839284120
15136330633
13783236047
13027515571
xinxin
15936682431
liwan-001
13949545846
liutongchu
13703834065
13137955881
13569528717
18103716620
15225953660
13949663111
15236397709
18939672800
13939802859
15093993879
15838943492
15639500984
13526448816
15896884750
zhaoaiqing
13460747337
13461495086
13673790081
wangxia-002
wangwendong
13849941206
13733977714
jieli
15236835281
13323797768
18637235917
13343696867
18137327909
18738200608
wangjungang
13273069562
13733156375
13837242184
wangrenzhi
13837354068
wangxuan
13526034611
15939502195
13837755672
18037296168
15836803322
zhangqian
lihong
13592198630
13253826909
18237135175
18903957806
15639762547
yuerong
15294745693
15239087693
haoxinlei
18623757633
18537868833
gaowei
13383808122
18137195955
liqingyuan
liyang-01
15637200073
13837248810
15903971696
15603934946
15139800409
15224875398
13460657399
18037268999
15203895029
zhaocaili
fengjianlong
15037097266
13838758125
liubaoguo
lichunxia-001
15837906951
15838543208
18237510161
niezheng
tianwei
muxiaoli-001
13461031322
13721724649
18303890853
13569322520
konglingyan
13839684886
duanpengfei
15839501572
18237079190
15544372050
13849766872
13673338201
15225078826
15839074735
15537935889
15839380103
helong
13939110166
15037368338
zhangxuehui
luomin
13598917817
15236015950
18638385651
15090141189
13569047910
kongyanmin
13603773281
18637234221
xingyan
15038204268
15239859877
18737297027
15936457429
15038711298
zhangjingxia
15978310202
15226129531
13837328164
13937770101
15993937858
13243072561
13849567345
15103891597
15937772003
shangbin
13460252822
15896679835
13783979140
18737236015
15938056311
madandan
15903656635
liuyafei
cuiguixia
13513722180
13803835730
cailubin
13721742416
15637977691
suruina
13303770528
zhouyangsheng
15890042281
15824706558
songchaohui
15039529359
songfang-001
15286952937
liuwei
13849224601
lichen
guoling
yuexiufang
xiaoyuhong
13569865989
15290019369
13939341184
liubo
leigenbo
chenjun
13781047989
18039255508
lipei-003
louyuanxin
wangshuang-001
15837988228
lihan
13939986559
13525821095
13783039697
niuguanglin
wangxingwu
18613756117
hushanshan
15236252138
wangyange
shanghaiyan
13837299737
fuxiaoyan
18737176906
liucuiping
liuyingying
13633867854
13781869181
zhangzhiqiang
liqichao
13837971200
15896668412
weixia-001
13525635718
fanchao
15515331862
13103792810
wanglu-002
15638528502
liuhuizi
15890543399
wangbin-002
15036983833
18736695199
13721785366
daifei
18737802123
13949385084
wangzongrui
15136417717
13633898087
13849337732
15514823781
13253700188
xujing-001
wanglu
15036737933
jiyanbing
18137145569
chenyun-001
13460819508
18738118006
15093381351
18537247628
jianghemiao
15517269896
chengqi
15937572393
zhaowanwei
yangfangxun
guohuimin-001
huanglu
wangmingjuan
13592698947
13193970506
15343739839
jinjing
huangwei-001
zhuxiaoyan
baimenglan
liuhailong
15670538887
13938596323
jiangjie
13525227163
13373713312
wangbinjie
13939683850
13215993567
13569513577
15994111917
tanghanxiao
13937813904
15237136739
15226111182
chenxiaohong
13526241779
liuchuangchuang
13949264135
sunjiyan
15938083146
liyake
13653981915
15137572689
lixiaokai
maqian
18037628701
15137365064
13603753209
18937246715
13193964806
13525235209
13903877727
15890795661
mawei
wangchunli
xingjunying
wangyuchuan
xiejiahui
13033751919
13937964034
maqingdang
huangyujuan
18738124896
liuyuanyuan-001
18203898069
lipingjun
15936722463
13525762223
13663063220
jiaweifeng
15839890863
hanfengyun
13937940546
18336979616
weitao
15936226893
18790976087
18237153058
zhangsong-001
guopeiyun
zhangyuanyuan-002
15649995721
yanzhiling
zhangshuai-002
15515533303
18503941123
15837062358
zhaochang
tiancaihong
15838575076
13781079165
huangshangshang
zhaoyanmei
15837976076
jinyanmin
15836377222
wanzhenhua
guowei-001
wangdi
zhangyanfang-001
chengwenjiang
fanxiaofeng
18737357710
shenailian
13839336800
qiuzheng-001
chengxiang
13525225083
15890475799
13193955656
wangchao
zhaojia-002
liyu-002
13781573803
18736826289
zhaoheng
lijianfeng
13937502585
wudongya
15137091751
13603707315
wangshuai
wuyao
15890102420
zhaosasa
15890316949
siyanan
13592062095
malihua-001
liushuiying
13523992648
zhuxiaoliang
xiena
wuliying
15565009137
xutengyu
xiaobin
liqingwei
shendanhui
zhouzhengwei
zhangruina
18538569130
liujuan
lijun-001
13598864049
13613942068
shuwenqi
chenxiaobin
15838920308
18236136636
yangchen
likaihong
wanhongzhe
13353632051
xuyuan
wangfengtian
sunman
15937002378
18837496000
wangzeng
yilin
zhoulijun
18737061142
13213283411
15239444909
15225821575
13343787588
wuchenguang
15514796743
zhushenghua
zhangdi
wangdan-001
guoweifeng
menghewei
liyongge
zhanggaige
guohongxuan
sunminhui
zhaoyanhong
wuxianguang
wangshuzhong
15039028318
maxiaodi
15237167062
lishuai
15137223650
lixiangfeng
wanghuiping-001
13839831642
13137834669
lifuqian
zhangxuepeng
15896644026
18637841411
zhangjinying
15938351336
13346875799
18623852087
15637052820
15565019895
15803704425
18037726638
zhukun
zhangyuxia-001
lihongxia-001
18738189165
zhangsong
liucaihong
18538078952
wangweiping
15225809817
yanhong
13071040005
18637329656
lipei-002
hejiangnan
shiwenli
lixinya
gaoqiuyan
13673341136
15137101377
13663796619
15136033343
13949354170
15503775763
zhanglulu
13271383392
lihaixia-002
hanhongguang
15836499883
zhangshaohua
13939399589
13253942518
zhouhui
liulina
gaoyuanchao
18625823090
18339398585
18737309659
13837046776
15890119311
xuejuntao
limuzheng
hansongqiang
fufengwei
houyongli
13598346583
13271000485
15937755016
13783372225
liujiumei
zhuxiaozhi
wangzhike
liwei-004
15037778568
caojingfang
liyanyan
pengliyun
13030378760
13503819937
15639281615
sundongmei
15039050525
yuanyiyi
liuyanhong
fusibao
lixu
18623760634
gaojian
15639150828
zhanghua-003
15939169998
zhangxinguo
zhaochao-001
qiuxu-001
18937922221
15236628030
15993053399
15737180168
15238612892
13033863614
18238096320
15225500797
18567285758
xieweiqing
zhaozhen
18937886319
zhangruimin
13849607966
shenguifang
15538900552
18239920537
15838183634
lishenghong
15139472506
15036340970
13030326568
heqi-001
18239373186
15037576171
18638951116
wangxin-001
lilei-005
zhangpengfei-001
13525728108
13938115708
18695978385
15993807978
15517928293
13839951368
lvxianglei
15838032595
baoqingyi
niuwei
13703703919
wanglingling
15538886114
lili-007
13839527678
13733978708
13838639549
13837862220
wangdongxu
bailu
15981871336
zhaozihui
18537278595
18530227656
13663863372
15893650700
13733603676
15993943613
13781360088
zhangkai-002
zongqiqi
18937667211
13781670165
18211872117
lvxiaoyan
zhangjing-004
18240778291
liubaoshen
15237010789
13523723021
wangxiaowei
sundongliang
yantingting
15238571369
13592509005
13409337812
15939076922
fushixin
18037401830
18790365451
15137616738
18736009812
15937037352
13938196678
xutingyong
wangli
linzeyu
sunjunjie
13733862278
15639766108
15565480755
13592057020
15539878251
13633710175
gaoyanli
lixiangrong
15893848807
13949487779
xuang
18625502268
zhangliping
15993380977
13782320958
13781927615
18339276075
15544288358
hanyulong
15837102928
13598983337
18768991837
15082952614
13837016160
18939256109
zhangjunfeng-001
18736722592
13803834725
15893231369
18239953505
zhangyan-001
lizhiqiang
zhangtingting-001
13213064587
baihuiwen
chenxiaobang
15537203212
15637753687
15893539530
18567170099
pandeng
zhuoyue
panhongbo
15225240081
13383921285
15537032528
wanghongxia
13703857760
zhanghuimin
zhangfang-002
luhaizhou
wangwenhao
chenchen
pengtao
13939479302
13938180292
13323758298
guojunjing
guoxiaolei
wangxiaofan
liuyongbin
18530083002
13781679609
13353698167
wangyingying
sunke
wangfeng
13526697461
13949761563
gaomin
13403912752
15937354140
13837668616
13803769489
zhuhedan
15538668775
18639170009
13525528607
zhenlingling
15893858923
13663064986
zhangchi
13215999268
13949294967
13373713217
15225373051
13721426554
15938394366
18736571376
ligang
chenying
xinyan
15893571505
13526622027
liupengfei
15838583929
13569162778
jinlina
13803965926
13700831018
15938684488
sujunpeng
yangjing-001
zhaocuan
18737033445
15837656636
18703630623
15838235512
15238389740
18238191677
15137491126
13839738980
13803704083
13333921076
15978699552
18237027952
15036792107
xingwenguang
13014533028
18039495956
13592387323
18236143261
13525948402
13137252966
mengjingya
15090199131
15837388230
13838405309
xiesongfang
13203704751
15139996331
15544352952
15139189238
18338701560
18238727686
13203803938
15518859444
15938681089
13525095595
cuiwei-001
13462250653
15237870169
13938116619
13525535612
15036396257
15333951034
15237383805
18790239223
13523225510
18336674802
15937641073
weiqingrui
15896619785
15514532076
13783835071
15136269850
15639310582
13939863063
13503442925
13837552806
chenwan
13461759715
13403787552
chenxuefeng
15516802067
15137419511
15938199326
15824616477
13783864931
13513742832
13569516287
13782756407
18239957587
15238779729
18625657387
13633947570
15036790782
13503886974
15838237716
cuiweiqun
15713795257
13782780712
18937922913
18137722868
15238313036
15038533106
13014778811
15839816274
13837538850
liujia-003
15138765599
15539716188
15290865153
18567700751
13938990718
13783547692
13569441982
13837676059
13283722841
18625678153
15138607562
13462569298
13674936938
qianyifang
15082945937
13462294620
15290742997
15138927074
18738080880
18348378370
15896858184
13608674410
18903783777
13323751312
dengchaopin
15838928458
shiyanfang
13243076623
15836299634
15836440671
15138568101
13462202718
liuliqing
15713930636
15639506686
13939336633
13569806736
13419849516
18239040777
13103701037
15036718671
13849245905
15890947235
15514713599
15138044090
15139519531
15837934111
18239460374
15803726335
15936463245
13937998109
13938477817
18639855937
13523487105
15303815189
15139143861
15993718438
liuhua-001
13569302752
15037431783
zhengyingying
13949782205
15290700561
13603906810
13937791775
daixufeng
13525608520
13083802129
yanlichao
13271436768
guanjingming
13087098190
13233924149
13949091972
13849256898
15993700277
houchenliang
wangchenxuan
xiaochangshui
huheting
13643818459
13460742351
13673903611
dingxiaoyan
13569582152
zhangfan-001
13603433338
15138609630
13523671668
13838448188
13838883865
wanglifang
13523096838
18211971168
13503797422
15037690592
15939901740
13592027407
18236620315
wangxiaowei-001
13523211024
18203813075
18749499591
15082910056
13939957328
15617187780
liumengjun
13461912157
13569138646
13273734595
mayan
18537951826
18137528505
13782186187
13569549994
15937328241
18538856778
13569634030
18939699896
15093496286
13525895565
15239363987
18438254728
13373725785
13569944550
wangli-001
liujing-001
lushiji
mateng
13233898081
15993038092
15837412104
13937461603
wangchaonan
songwenwei
13783930698
15003795133
15236025781
18239383898
13837277305
13839638411
caohongxiang
15237430460
13673362602
zhangjing
18623883365
13838109825
18538018544
18790836711
louge
13781270687
zhangtiantian-001
15237987686
13949727619
18537375856
13939164293
suqingchuang
15936684805
13525627822
18137900973
15936651485
13072634499
13253867193
15637243697
13569544262
13643729896
15238574610
huangxiuchen
15839597075
18937767731
18737259377
13938710639
13523633766
15333972100
15936125317
zhulili
13592364268
18317519891
15836332597
jiuchunxia
13592059730
13419983670
13783210418
15896817912
15839385517
18338095568
18530755559
18237756277
zhangxu
13949466676
fengdazhi
13569955506
13461257718
13603407235
13783072556
18238402796
15239757169
13403706888
13839312727
18625689313
zhaozhengang
18603906920
13598702620
13148060403
luliang
zhangzhenlong
13723013898
likai-003
15038698878
renguangming
13083677651
18336486029
15239559751
18736645520
xuyanan
15993045435
15837740214
13137136669
15993704999
18537094139
xujuan
zhaoshenghui
13782799110
18739577653
15537079876
13043025186
15093098757
13513910659
13781307986
lizongchao
15603728564
18638869913
18839940006
15516293390
13838295967
zhangyucong
lilulu
13782889725
15515131903
13781001725
13783800968
18637662366
15839335630
chenruiling
heruixia
13733934589
13460206765
15936812620
15038810832
zhangbin-002
zhangpu
18737736406
13937263057
13938060637
13939895590
lilisha
13849267026
hemengqi
13949727356
15838968128
gaofang-001
13007675078
18303998066
cheyangyang
15837406384
13569177287
18236709783
zhaoruihuan
15939862519
15893946198
13781945277
13633797708
xucaixia
15837809399
15938450420
maoyanan
fengzhanhui
15938909528
15737001566
13683881368
13523414013
15836314992
18236896585
15037234707
13569052812
18530251030
15937854125
biguangming-001
wangfang
zhengguohong
13781847592
13839584926
13461140791
18539302689
13603467222
13937292784
18003724595
chenyuanyuan
18790904535
13837079768
18939294277
13461109040
yuaixi
13782402656
xuqifeng
fangjixiang
13409221213
15038460982
guohanjun
13782896101
liping-001
liqina
13838711967
13673931554
yanenliang
hehongxia
13403791802
15237264965
lihaopeng
wangbotao
15139139750
13503728793
simengrui
15896800556
wujinxiang
lishujuan
15238528890
15637501519
13103898898
13939835631
wangzhiyuan
wangcong
18749897119
13783450360
13383835863
wanghong-001
18837583286
15893566796
13721431577
xiadonghua
15903956291
15136782256
13526037236
13569144498
jiangjianping
chenchunyan
18003935992
13663957886
xiaomingyu
15083068148
13783111937
15138966480
13633771345
pds-yingyun01
13849517365
lijinjin
15737897431
15670256782
15837685078
15824880843
13513815052
18338371127
zhouhongyu
18039126568
13938070873
13461776369
13569281431
lisuyang
15136081811
13837673667
wangjinhua
15036670580
15939039601
zhangjialin
15903740993
18639068247
18239091625
15836089576
youxuewei
13183193980
shangguane
18339252998
yaoyongxian
18037679553
15544028211
13323676150
13513947099
lilina-002
13939354888
15737191209
15138067304
yangmeng
13461228178
18637339207
zhaohengyi
15346136660
13243286215
13803734967
sunyawei
jingli-001
cailinpu
13849651977
baiyun
13837961197
13683951605
13607698255
13460972988
xiayuanchun
nielijuan
18639372577
wangjuan
liusong
15303776692
zhaoqiang
15803862298
15138512588
wangxiaoyu
18317390819
15139300593
13703901931
15838577703
15537270963
liangjingru
15617642770
18037605687
13569934865
15978815115
15538857152
13949729619
15539386118
13015508565
18238999343
18638486121
shilei
jiayanmin
13673078703
13837764792
13937463838
13461096980
wangjun-002
18749629093
13513813899
15936051159
13674915265
15836334796
zhuyaohui
13949542673
15139178702
xielinqing
15837985313
tengwenxue
libeibei
15896921119
13643934738
wangxu-001
zhaochao
tangxuelei
15993137567
13782047157
13409223498
18238476311
15893241750
13782226228
13783263929
15225707377
yandonglin
13071738785
13838236944
13938929286
shiyana
13140033993
13782182610
13623871552
18239397395
15993057520
zhangxiaobo
13937993789
15649843115
13837360648
13703470807
libin-004
13007577503
13839391071
15716665166
13273805328
18211671445
18303803555
13903870599
xy-yinbao01
13083626202
15938035539
15038119370
18737260940
13513981899
zhangyu
taozhen
13781929235
cuibinbin
13461195817
15993145714
18537718884
18530271865
15090110722
13383872783
13837040156
13592194476
13419939913
13849402867
13333613073
lixiuli
15224971769
18239707095
18749658847
gaolei-001
15138122807
13460800929
zhangxian-001
13938653544
songpeng-001
15893280125
15537668544
13623858377
15539335598
15993781758
18039351333
13598250070
15838852425
13101776528
niuhonglin
15083276657
13939645699
18625926659
15638983228
15936664036
13523893799
18439657811
13253882236
15838830745
13592290299
13803796392
15839889617
18103957677
13949868762
13903885817
15936136759
13633894256
liuying-001
13939762820
18736950911
13939387105
13323831380
13803976470
13083870006
18939517841
15729324383
13949031793
15670766561
15603791177
13569243721
13663883402
15516281193
13462596993
lifei
18749203326
13903817304
13569092061
jinyumin
18237709518
15038786737
15139037106
13598548189
13837810765
13608491900
15637303098
15637936210
15903900011
18339407698
15203838789
gaoyunfei
15539729589
zhangshuhua
zhangyuzhong
zhangdongsheng
wangting-001
18737856630
18236226162
13140477180
13703458695
15993818897
15037794364
18239175636
13598390365
18639592865
15036065884
13837888807
13373995646
15716607121
15226143856
15838966910
13783372569
15729256669
15637976803
13592657098
13403991850
13598146058
18638811427
18739655590
15670410808
15893596684
15994070956
qiujixin
renbingzhi
15937383700
13461116200
13213570363
15225646853
18737822423
18239828660
13663774303
18937141911
15036771518
15837872382
songyuanhong
15716662092
dushaowei
13837955416
15890252066
13014751370
15539926646
13343724959
15136117096
15993611158
zhangpingju
15937206858
13949680248
13295031177
15837107917
13213940667
13837896590
13525262302
13949253583
changjiang
15639905283
15937816308
baiyu-001
13461836260
13673069958
13663903820
15137221712
13007555340
13838417987
13271518988
13298170788
15838721708
18625608137
15039870762
18737312522
15516024185
15237147771
13353639027
13721687335
15836675037
13938650408
15978397197
14523145527
13849006239
13569621897
15890693192
15837884561
chenxiaofeng
15137895595
15896519725
15038430555
13503469792
15090188613
yuanshuangshuang
13839420272
18037638522
15978699640
15238619875
18348306682
13838717665
13949836789
18103989712
13462706977
18603877326
15137454013
shixiaoru
15036243041
13938508059
13673889846
18939173576
15238232632
18236721981
15716384249
13939150583
15333833270
15003797653
18703869690
13137277745
13633998192
13703941119
13849974236
13783009094
15139099328
18103957698
13782049504
15893354971
15239576108
18838200070
13673970295
13203920455
yuansong
15537058830
18637291561
15896603125
15936896159
18625683311
13849772302
18538850024
13523155659
15837815676
fengbin
13838415123
15136099059
13525415830
15836443678
13939163561
18749839043
13526134444
15836873339
15517161870
18639273335
15936991294
zhangpeng-001
13283843122
15238902470
18738928881
15039842270
15539738369
wangxiguang-001
15937391150
13346677727
wangdan
15890752580
13837212554
18211665766
15139725121
13303901951
jinlingling
zhangguangchao
13460912318
makaidi
15837631497
13523206786
15837088923
18137439369
15294685411
18003811270
15225520610
18600211763
15237161327
15136802266
13333642899
zhangweiwei
fanshuangshuang
13592514488
13461873183
malihuan
13393968682
zhaomingyuan
13193661099
13525847714
gongjin
15639777869
18537704266
15539732002
shengnan
15981852893
13837978267
13033753700
15538107337
13271387626
18903906761
18697707785
13703477269
13592371289
15137148522
13592138133
15514831960
majiwei
13525973608
13525871802
15239824180
13623748213
18639572336
13569492684
15137020375
tianrunpei
liyuzhou
13603411748
13949322031
wangpeng
15090433203
wangping-001
liwei-003
13949415280
15638197631
wupeng
zhaobeibei
zhanglijun-001
13653934504
tancong
fanxiaoyan
zhanghan-002
yanlijuan
fengyanli
15838110636
xinying
13643712028
15670691972
13623736281
15937205621
weishuo
13937935671
guoting-001
18625349128
18537582036
songxuekai
wangruifei
15836063674
13949605683
13839274662
15290888851
18638018130
13598737354
13526683840
18638752668
18272866327
13523304968
zhangxiaopeng-001
zhangxiaoqin
15518572687
chenying-001
15893091821
qiuhaitao
zhouweiping
13569101715
15083256865
13653887723
15838949790
13303916086
18568222508
yueru
15090596591
15239989993
13253959868
13569804992
13523040312
18037586292
huangxiaojing
13243208113
13064416919
15637510685
13782215156
15518817920
13783114418
13938956812
18236868665
15294851482
liangfenfen
15225662150
15203737301
13782136635
18436160930
13103723534
13837898119
zhuyongjie
18736690767
13569581965
15936743681
18438487333
13513931627
15037080337
15138467105
18338373877
15903079859
18538372486
13838796924
liqiang-001
13103892687
13837368948
13643984682
tuyong
13881983566
libin-003
13949479078
15139877965
15093467292
15713877795
15936081687
18236609827
lifang-001
13937330283
13140000638
13838790693
13525379717
13569052376
18790359656
15939332384
18238809837
libin-001
13782838051
jiayanan
15036129516
13949410707
18737160292
18638767087
18739136670
majingjing
13781716929
13592036004
18137963818
15225463630
baoxiaofang
liulixia
15824935558
18037605691
18637616099
13673398369
13213522854
13783286501
15837287291
lijingxiao
13803957197
13083819140
13781808636
13007639743
13938701036
15237505090
15238781079
13137746463
lihongming-001
15136653182
13183330379
13949471294
15994156786
18339055675
13683939817
18939320080
15539136053
18937216626
15346102379
15290872218
13213249006
13663086513
15503923297
15544443186
13603428546
13137223438
13598714940
13148030570
13838653931
15890258898
18738011717
wangzhongyue
15303974044
13673778062
15896830685
13781958522
13633998193
15137495500
18937234545
13071776623
18939650903
15937308763
13569439816
13937610112
18338303745
15896779775
18003742623
18260664458
15039877656
13460824677
18639704441
18003770668
15290214669
18236903031
15939896227
13592295231
15237313334
15638099964
13653838988
18739470566
13723044180
chenxiaoyan
13837002002
13598671290
15936081756
15893921187
13838958594
13598882654
15638123620
13140007511
18137406877
15236698518
15137446675
13643873673
15993373306
13271039889
wanghongyuan
13643984560
18272580279
yanghuiyan
13608499926
14523170741
18338984907
13781837879
13525669197
18339376380
15038869475
xiejiayang
13613910005
13462277738
18738327582
15836425134
13569761973
13213047669
jiangge
13838496108
15518607716
13837028911
15836095927
13937207286
jiangjunwei
15093906120
18338439788
13838616042
15139235811
13938523990
13137030817
15239114561
18838175269
18037758598
tianxiangli-001
13663878212
18625568405
weixuyang
13323645850
18538965808
wangchunfang
15038583311
15237876008
liufanghua
18603861395
zhouhuali
13461935130
18103966985
13623737682
wangsixi
13017609601
lixin
18336790128
dongyan
13673797981
15938819797
15238626873
leihonglei
13903845518
15838568279
18539131414
15249736683
13273767210
13373916752
18939241757
15039766985
15136200326
13513943558
15038384646
15290311906
15517750387
13903974275
13903915229
15939650775
13072616919
15537376605
13409423816
15978772164
18237768315
18538848378
15237457043
13782917523
13592308978
13903708561
15893077692
15090091655
15039940069
13949649524
13937872178
13462309145
15890796102
13633754609
15839891042
15838834450
15237515667
13837496534
18737989569
18737989569