15136782256
wangjiaojiao
13137762448
13939163561
13592194476
Guest
zhanglijun-001
15670572299
15225953660
18236143261
13203971903
15993053399
15237954571
18703869690
18937510720
lilei-001
15890101875
18736961335
13803769489
18239091625
15237312747
13262197271
13203899811
13503797422
18739116433
15039762069
18336971119
15294893160
maqingdang
13703901931
13525536898
18790518245
15836060135
15638679311
hushanshan
zhangyansheng
15303797646
18537923795
fuxinjuan
13783883278
18638810981
18736867525
wangliping
13461029811
13782676693
18737113476
15239363987
guojunjing
18538218185
13592062095
yanglei-001
18768992838
15939339811
13939373122
xuelei
getao
jieli
zhaowanwei
13140089802
13949503563
liutao-002
15237264965
18337387115
13838251628
18236620315
13083768860
13523037679
13603744300
18037605685
15516720350
15824844733
13939066251
18303651360
15836016436
15837062358
18039205630
15978817566
chenjun
18638385651
15837572476
15333833270
18736391925
18838200070
15890127060
18530552789
13939930930
13937901828
zhaodandan
qiuhaitao
15225821575
15286995266
13783837744
13137309577
13703761139
13663878212
18749193361
15839315191
15893848807
15237332575
18838905650
15138073008
18240691263
pandeng
13523308265
15225992613
15896576572
wangdongxu
wangping-001
15838018136
wangjin
15537368098
18738502470
15038695746
18236709783
13938680762
13949663111
zhaozihui
liucaiqin
18237135175
18239369112
13598612552
13838200530
13782511165
13409221213
yangli-001
18790657526
18937295660
13462294620
15893835894
15937020128
chenziang
lijingsong
wangdan-001
liying
15637398066
15903656635
zhaoshenghui
liuyue
13323807832
15188596396
18538569130
13598026233
15565587833
zhaowenyan
13598671290
15290865153
15544345595
15896644026
lishenghong
15637200073
15093381351
liujing-001
13781912430
13569108115
15136562714
weidongyan
wangyizhu
15939968532
13939984996
15836822626
anxiaofang
13213328636
wanghao
18737033445
18339997989
15137365064
13783253801
13781836558
15565289995
13837360648
18623883365
15137097014
liangyujie
13838184061
13069528379
13419864722
13782531510
13033937220
18638628392
quyuming
13849607966
13938830220
13676995578
tancong
18738118006
15903952700
15937037352
liuyuanyuan-001
13849720696
15039398221
13103756505
wangyihui
13683852676
15838110636
13849207759
18739136670
15037012110
13462569298
13103723534
zhuhaijun-001
13462707799
guohanjun
13569009552
18538128321
fusibao
13721338444
13213839108
13462393806
13462759649
13838652716
xuyan
18237079190
13569012916
13783114418
lixiangfeng
13673542302
zhuxiaoyan
13837981527
18739655590
13592358948
13523237854
13569322520
13837898119
zhaoyu
13193975662
13937872178
huxiaoyun
liweidong
13839527678
zhangjunfeng-001
13598346583
15637950675
zhangyuxia-002
zhangdongfang
15225078826
18737346173
15037436930
kangshehui
15517388950
15896839704
13592036004
chenyuanyuan
13461723795
13598296432
13839096448
lidehua
muxiaoli-001
13525985883
15516372927
18337319632
18638018130
13253008192
13193550410
13083739125
13526568711
13938586300
15978750806
lili-007
15839314356
15037336724
13939981248
13523096838
15303913011
13837280108
18937415279
13938899775
18137246408
18937996632
13525293899
13849092270
wanghuiping-001
18613736288
13663011910
13525780250
18937544667
15137091751
15839890863
13283953823
13673947533
13633748373
yuanwenping
13949292538
13949729619
sundongliang
qiuxu-001
liluwen
zhuyanhong
18623976927
13673790081
13513722180
18537033969
luomin
13643702385
13837536693
15978599301
jihui
15836469257
18623876832
chenxiaohong
13346833336
15837412104
15238652420
18037291326
18790202595
13837291697
zhuyaoling
15993586408
15839358861
18037726638
wangfeng
15538351121
18738376179
13938260609
caojingfang
18738507404
13839776070
18637329656
13700700640
13849852706
luru
13403826467
18303890853
15839074735
15036116591
15738700421
18039620092
13419892637
18238582787
15537365445
15936125317
13503716957
13592067138
liwan-001
15138607562
15039541792
15939331741
15137572689
15839565199
13137437282
15838543208
18937025136
15038430555
18103969985
18337637236
songyuanhong
13939553073
13523328004
13460065228
13460421715
15249757686
15936372228
15039050525
15838899143
13462787195
13949123675
15136081811
zhanglulu
liqichao
18738151837
13782868912
13783408313
15249754118
13839093614
zhuxiaozhi
13213923178
13703489320
15239879858
liwei-004
jiangshasha
hanjicheng
18037103127
15103797126
15517367083
wangshuang-001
yanzhiling
15896559221
baimenglan
xutingyong
15649995721
15537270963
15837934111
fengaihua
daixufeng
18625683311
18037907798
13783835071
15518859444
13323675354
13839132839
zhangxiumin
huangke
13781062680
15518850179
dingnan
18790868209
15936457429
wangmei
15516925516
18736826289
15978733844
13603822277
13526683840
zhangguodong-001
zhangjing
wanghuiyong
xuang
13603433338
xiaochangshui
zhangyu
liulie
15333846775
15736982696
13837297840
18339518813
18337115239
yangmingqing
15939169998
15538900552
maming
15103875932
sunjunjie
luweiqing
shaoyange
sunhua
18348200298
15037679916
15037081666
chenshuang
13937274047
13937276135
13783802634
18637498373
liqingwei
18697707785
15903971696
huangwei-001
jingli-001
13643882441
zhangpu
13803835730
15286964184
18637190815
15237216041
15225536545
18939256109
15939418858
13569878394
chenmiao
jinyumin
15939343844
13838639549
lili-002
13613932456
wangjie-003
18037679553
18937141911
13938180292
13525527961
13525065471
13633737827
13782393479
13937000334
13461638926
15637052820
18317390819
wangli
14523123051
jinyan
18837378989
13569699509
zhouxinhui
guopeiyun
zhangyanjie
18639572336
baichenyu
gaochaoyang
18539005208
15138234593
13598888155
13937263057
13523509206
wangmengjia
chaoshuan
13673067745
18336961992
18739568735
15617998900
limeiling
15139502812
13721687335
13663022545
zhaocuan
guochunyan
15837098527
siyanan
13781869181
15824880843
13781532728
likeke
lumenglie
lihongxia
15225599935
15238574610
15937002378
18637117237
18211709987
chenqingyan
18625664488
18790904535
15890752580
15937137666
13839846899
13148218111
zhenghongyan
18537623136
15993331078
lushiji
huangjingya
13137069678
13592295231
13027515571
15539716188
13525497545
15236321175
13273969866
15803934383
15937793407
15824773557
qinhaijun
18237319439
xuyaowei
13849259900
18639290976
jiangdongyang
13523304968
18537247628
18638486121
liuhailong
wanglanyun
18749559919
15893220463
15993887351
wangdan
zhengjinxue
13939387105
15518572687
18749776903
13838496108
15565524852
13639688456
15286952937
guoyuxiang
18530512627
18736425455
15838595056
13783525045
18736189311
18137250795
lixiaodong
13937272048
dengchaopin
liuyuanyuan
15538668775
15237791320
18736370018
kongyunxia-001
13569117330
13782585930
18625355525
liangjunjie
15637148003
wanhongzhe
13673458441
18530918645
18238498862
18338003699
15896884750
18238809837
15837062652
15137616738
fengxiaohua
15538393233
13525627822
13837223066
jinjing
15290219695
15837287291
13353639027
yanlichao
13569144422
15136269850
15037189786
13949302587
13525235209
13633898087
18530815100
13460700625
13939986559
jiaoyujin
15538836276
15994111917
13733841697
15737897431
13569177287
13663063220
13939116378
18623760634
13525911968
13721612737
15224854963
15803726335
wuchenguang
15939039601
18530521553
18738635188
13619833898
13783210418
18537205279
15937989215
18203721610
13071785902
guohongxuan
15038840272
15036486180
15239444909
15803825134
xujian
13938453308
15090596015
18603861395
18703690219
13721878337
13837352544
zhaohua
15037381922
zhangchi
jiangjianping
zhangxue-001
13781573803
wangyanan
linlulu
13837888807
15037234707
13569463678
hezhiyong
13460661826
15537935889
13937620252
lile-001
wangchaonan
18317798892
18638951116
zhaohuihui
13653934504
chenxiaobin
18567729535
15637977691
18238241316
13782970326
15838475762
15936501845
15225857664
wangjing-003
15238232632
13721724649
13592608215
fanailing
13783503577
15137596167
hewenjie
18336433910
13526214995
13213742105
15936760792
15136855893
13838457830
13346875799
wanglixin
youxuewei
zhanghua-003
13693821282
fanlin
liyanyan
13613747468
13838766598
13523008838
18338296578
13526995362
yanghang-001
13781679609
15090091881
15037777345
zhangyuanyuan-002
15222637887
lijinjin
15836371952
yuyage
18623757633
haomengyu
13233979070
13460272517
15137135000
wangxianli-001
15238111828
18738156793
yangxue-001
15090064392
13723171479
18903906567
13007622160
18211665766
13525728108
xuting-001
15036983833
13937129558
huangqiong
zhangli
13526623539
13598759885
hanbingxue
15037258235
15896570969
wangjing
13939048389
15238626873
15638528502
13243015229
15139470089
13461777758
13193532448
13253669762
15539386118
15036395918
wangchao
13503886974
zhaomingwei
gaoyanli
13783979140
15905836082
15139996331
15139710383
weishanyu
13598146058
15637570117
15939502195
15936858871
zhangsong-001
zhaoheng
15516381006
18539702316
13903947156
15637692717
13783807995
13513984489
15838316143
15936226893
13849776799
15896589607
15893097078
lixiaohong
13839301084
13213316123
15838183634
jinyanmin
jinlingling
13069475089
chenyun-001
18790198295
15903001007
niulingyun
13592603136
13949401709
13949421691
13937460529
13137765297
15639648712
zhangzhiqiang
13783864931
13603428546
13461682772
taozhen
dinghaixia
liangzhangcheng
18037592786
chenchaoshuai
13782785106
13525698017
yanhongsheng
15690819698
zhaozhiyong
13781384836
13569876451
15236522761
13523260509
luohui
zhaoyuan
13838811100
lizhiqiang-001
wangzhenkun
13409337812
18503941123
13937536270
13598864049
18103957698
liupengfei
13608647838
15939322285
18237138962
13937940546
18339415609
15670405819
15993224577
13683800000
jiangwei
zhizunbao
13525285955
zhangge
zhouhongyu
hanliang
15136815367
shenwang
13938712968
15836313453
18537278595
15537267683
wangchenxuan
13633822636
xiena
15716656968
15890124577
liudong
liuchunsheng
lipei-003
zhangpengfei-001
18567170099
18737203329
tpy2
lixiuli
13027653644
13343787588
18839368234
13783131148
13462274027
13939645699
duqianxi
15893571505
15038796752
15939904867
wangwendong
sujiwei
18239718780
niuguanglin
18539918896
18211616819
13783582918
13525608520
18623830118
15039677338
15649911633
15237517330
13071738785
18639996797
test1
15978663837
18790359656
wangxiguang-001
zhuyaohui
13137960439
15565596021
13849567345
13663810660
15537332881
15290937923
liuxiaolan
15603917941
15286999346
18039977972
mayan-001
13839851602
13014778811
zhangjingxia
13569664812
15137020375
madandan
15194693693
18937767731
15544372050
13525381730
13608643114
13703941119
13598699283
18639797114
13937813904
dangfangfang
15516068245
jiangbin
18039255508
13837862220
danghuajie
zhenghao
13937954905
bailu
13849016097
15890087197
13203704751
13839785497
15978674879
13419903322
13700840728
13703409784
wuxiaohan
18639068247
yuansong
18317721686
zhanglin
15333877713
18037605675
13333806097
15838920308
18937577803
18838820413
15890042281
jiuchunxia
18538078952
13781861659
18203898069
15837275159
18339407698
13460983777
niuzengxi
13818541120
18839940006
13938951102
13613909054
13938634939
liujia-003
13461170280
zhuguanghui
15518671542
18039588381
13938245753
18639262633
13733807123
zmd-suiping
konglingyan
13837456143
13598450429
maqian
lishuai
13137797760
wangfu
15903740993
15538928666
15838012061
13782783357
13939150583
13323797768
13782006005
13949294967
13137829665
13619803697
13838267129
18903957806
15286988767
13283948679
15903909902
liubaoshen
15224993671
13569061195
pds-zhanhe01
18903996945
15093796721
13949433499
zhangxiaobo
13733903207
13653844259
18339226068
13939057253
chenguili
13083802129
13523036513
13598368183
libaoxi
13419848364
linquanguo
15893539530
13949091972
18238553131
zhangpeng-001
13525796196
18864795195
18625515018
zhanghuiqin
18003728112
15286810616
13673508798
15324728755
13949637881
15936701810
13938567356
15083064479
13949806040
15037424187
15237317440
13693734222
15514823781
liqina
huojianmin
13523918601
15137657559
13939563225
18625687917
13608449053
13837046776
majiwei
15039940069
15837102928
13526877611
18603906920
18736686072
13700839174
15670103663
15938682963
13592698947
13693983693
15039671868
13213563653
18537995058
15039468401
13698834345
18739542889
xingyan
13939290105
13938711554
18790986583
15090069069
18738189165
18238746801
13633748175
13663957886
guanjun
chenghongyan
libin-003
xieyuxin
13613855085
13460503589
zhuyongchun
13838888959
18739731320
18137915881
sujunpeng
15224835752
13839553419
13373710505
18737307933
hefeng
18903775196
yangbaoxia
15903897659
18637248577
wupeng
13017550868
13598769008
13140627533
13782625763
liyongjie
18236965156
mixia
18237510161
13569925950
13673055880
15090677224
wangyun-002
15565207786
18937234545
15225240081
lichunlei
13673690246
18239788183
wanglei-001
13949592787
13939557718
13949827162
13723054068
liutongchu
13569028909
13939961978
15603731366
13290776913
wangweichang
zhangweiyao
13323905722
18637578988
15188289878
15036902022
13838690321
wubo
shixu-001
15936967587
13633802035
fengjianlong
yuaixi
15003886271
15538857152
15936461098
wanggang
gaofangxia
15737922236
18239216147
18697375068
13213064587
13233907524
louge
13598750786
15137749171
15225520610
18736280793
13393776637
suoqunying
niuwei
15239430688
zhouyangsheng
13839299539
13903897618
15518812335
liyang-01
18039951577
15836383237
18749416788
15896691237
13837597857
13837577216
13271016656
18638387360
15803704425
15514834555
15603985263
13723100169
18638811427
15346253858
wangyingying
13403706888
caopingping
15039306576
15225133432
xiadonghua
15993792196
liubaisheng
13639680022
luliang
15137895595
lizhen
caichanglin
15515239401
18240649997
hejiaokun
13419849516
liuhaitao
15090503800
maliya
15343794067
18603926686
13949727222
18237588900
liyang
13673418229
xiesongfang
15670150977
lvjinjian
18637675876
13700788941
15516292303
15837354275
15225707377
13903997040
13033863614
13462527775
18703639667
15037490173
18613756117
18739138028
15893675699
15138452364
zhangwei-002
hechangqing
18737319063
yaoyinghua
liujiumei
13071099308
hansongtao
13393921517
18639563439
13939042301
18790976087
15083068148
18637915818
13419870405
18737458752
13526124823
13837885818
13233757320
15639168391
15896921119
13683906653
18738526037
15093639958
15537028120
15037375988
15938394366
18739143454
zhoujunli
13939897017
13693759139
13782703092
13213129248
13849974236
xx-yingyun04
mashuhua
15103793260
wangxianju
18135677165
tonglei
weizhirong
chengqi
zhouhui
zhaowei-001
huangjing-002
zhaoruiping
13592625896
18603767604
15083406240
wangdongyang
zhuhongyang
13643818459
15978450552
shuwenqi
13893655891
xiejiayang
13849959886
18695817095
13849459495
13460722182
weiqingrui
13937220835
18639583457
15093216276
13782299441
13782221281
15294685411
15893036303
15838151320
13014533028
15729256669
18736898997
tianjie
15290012683
15518495500
18539798176
13903915229
13837464032
13639855550
chenheng
13837251492
13703802499
fuxiaoyan
13949972786
zhangkai-003
15896800556
13460912318
15188333183
15136128185
18236101933
13526142560
15890799669
15893839280
15890226558
13781773099
13673608259
14783444124
gaoqiuyan
13569976817
13523999473
13673524168
zhangli-001
15083273855
15837084581
13103628702
13462022815
18736722592
xinying
15083256865
13782672122
15837131439
liyuzhou
13949479078
fanxitao
15090091655
houyongli
sunxuekai
13939162664
15637741656
13837632563
caoliqin
13949300215
15290321529
housen
15517203881
13839355103
13937949397
15939310055
15037889450
13608423357
hechangyu
13939325195
13723222215
18238382727
13461600040
13803991045
18637235917
13783039370
13137501969
18903915693
13676926257
15903626206
13839132679
18537982478
13939354888
15939945652
13673743725
15560188808
13837328164
13837328164