Guest
13461237980
13592688494
13723100169
13262197271
13613749034
18238662686
13939399589
13323807832
15903700645
13781836558
18739136670
18317390819
13608423357
18339356929
13203747818
13781307986
15978590780
zhongxun
15039529297
18638010897
13523328004
13283938202
13393729099
15993373306
13782999829
15670150977
15690819698
15937793407
13939350141
15939039601
lichao-003
13598026233
13203780888
13525762223
13721759938
13569357194
15039781465
13343696867
13064408865
15238902570
13592036004
13938701036
15138191182
18538366533
13137117220
13271210559
13837195818
13513900375
13782125988
15136653182
13503469792
15890102420
13703941119
13838457830
15237149030
18736370018
15082910166
18739115544
13849565218
18530083002
13525698017
15090064392
15993046233
15893599961
13523304968
15537092332
15937772003
15238626873
18567700751
13837413883
13838984115
15838110636
15890852758
hushanshan
18637320816
15236628030
15517798083
18567729535
15893763809
duzhenzhen
13523720751
lihongxia
15038786737
15039940069
15994111917
15565019895
13613910005
15303957001
13323675354
15038511706
15994059955
13781360088
13937207286
15544360817
18537278595
15303797646
13462250653
13839399757
13783800968
13523992648
13523658837
15638197631
13569295606
15837375487
15838168921
13103898898
18790904535
13783802634
13523096838
13938060637
15514371126
15236468661
13783734701
13849712878
13503885765
13783663690
18003948659
13839456279
13203704751
13623736281
15516372927
18937025136
13608491900
zhangtiantian-001
18838116339
13838163717
13838083609
13837277305
15538206777
15138966480
13949031793
15837107917
15838511681
18530512627
13613932456
13838184061
18638628392
18211616819
13523722171
15903656635
15993608761
15637200073
15093121603
15993129019
13598986389
18538018544
15343820750
houjianfei
13673334719
13462291723
18236070511
13525227163
18839368234
18538218185
18538539089
13783503577
13837243849
15837923313
13526090808
13663799782
13253867193
18749062767
lvxiaoyan
15516381006
15333846775
15517855343
18703690219
libeibei
13753929270
zhaoxiaoyan
15139029975
13783547692
13434418178
13140007511
18348378370
13592194476
guanchangqing
15503775763
15838065800
13462294620
13213232151
13937566795
13393866656
13243208113
15226129531
18538807376
13462759649
18037679553
13409221213
13839846899
15738724643
wanghui-001
13663949031
18939302108
13738186971
13462670131
15836469257
13837232565
18537980665
18568251725
13253826909
13513927572
18336991526
13193791150
13663796619
15038357461
shiqipeng
13939116378
13598141982
18537796466
13939066251
13849136921
13603976508
18737113476
13837248810
13781869181
13243286215
13939457058
13526306670
18738118006
13663063220
zhangshaohua
13598759885
18037016190
15993573239
15938607317
18737357710
15138467105
15639905283
zhaoyan
15083064479
13603900358
zhouhaiyan
13592156509
18338701560
13461935130
18903758802
13323906816
13849792859
15537267683
18697707785
hehongxia
15893097078
18937246715
15203895029
wangdongyang
15638528502
13346833336
18538536868
13837076527
15037777345
13782616944
liyu-002
15539386118
15518817920
gaojian
13838758125
15237647019
13938613089
zhangli
13503442925
daifei
baoxiaofang
15803934383
15837275159
13937964258
15517001721
15137672096
15137723752
15036983833
13938685115
13937737493
13839277386
15225240081
13633707511
13811977295
13462819558
13803991558
13693734972
muxiaoli-001
15637398066
lijunwu
13700861769
liangzhangcheng
13526237001
chengxiang
13939399579
simengrui
18623876832
18503723675
13653943708
15893839280
15139788573
13693749767
zhanghao
luqing
18639360808
15286988767
15093730625
15838283489
18238313655
13592110924
15518572687
15837991759
15517388950
13837456143
13523008838
18623883365
hejiangnan
15903001007
13014533028
15290812552
15937238123
18768874448
13461656865
15824844733
18530912969
13939130847
18702956034
15516024185
18037291326
13949264135
13937328437
13137136669
18790484352
13937460529
13071792649
18837278887
13938453308
13513786241
fuweican
13781505616
15544372050
13721756156
15090496311
15893848807
15544435673
15537003451
zhaoxianli
13213250476
15239361135
hechangyu
15137458396
13849751680
13838827760
18530101189
linzeyu
15037012110
13703489320
15003993350
13781384836
18530227058
18538128321
18638018130
13633998192
13837352200
liying
18621832832
18638896558
18638873997
15939882188
18637955224
15896677022
13949294967
pengliyun
15617150253
13613747468
13525962035
zhanghua-003
15515588339
15803704425
zhaoxinzhi
13849352323
cuiwei-001
13782676693
test1
15514532076
15188596396
13603906971
13283948679
13460518169
18736961335
13598644731
13703761139
15937020128
dengchaopin
15893220463
15937949021
13683798689
18537951826
13849275490
15890620217
15039398221
chaoshuan
13103792810
15239896031
13838057375
15037831328
15738308685
15824773557
15343977188
18211971168
15738700421
15136330633
15515331862
13462170627
15136711840
13643771597
13592198630
13140411115
13643934738
15036730567
13949827162
13014695269
13817651147
18239091625
15333877713
13733156375
13782676738
13393881375
13703420864
13783525045
15225536545
13937940546
13461096980
15937002378
13233924149
13937993789
13592057020
15837976076
13721724649
15603805318
18236143261
18039977972
huangqian
13014707876
15036369788
15837956674
zhaocuan
15936910686
18637736192
18203898069
tuyong
15517988280
13137309577
13673458441
13461036580
13353698167
15903971696
18768992838
15093381351
15803853125
18339712823
13140025258
15224875398
15937812973
18103969985
15890042281
15236252138
yuanwenping
15803849313
18339997989
13525895565
18749776903
13721895996
13949782205
13938180292
18272771578
13938710639
18236709783
18300680316
13849245905
13613803622
13526550936
15517977332
15637977691
18637234221
13525235209
13525225083
18738569411
13603433338
18143968507
15237332575
13633737827
15290152056
18790946495
18037628701
15939800226
13673889846
18337637236
15226111182
18537704266
15893571505
zhenghongyan
13838774035
ruihuiyun
15249728680
zhaoshenghui
13103657599
13083768860
18537205279
18037060550
18211709987
panhongbo
13939742983
18613736288
13782710362
13693906067
13223910047
13403706888
13193536964
15938351336
15639150828
15937683687
chenyan-003
13213064587
13525140430
15290865153
13623785090
15839095241
15039757565
18303729088
13017613195
13849860323
wangmei
13838310282
18303890853
13937154665
15937574402
13849418110
15893086851
15938820672
15136021290
huangjing-002
15839925889
wangruiying
18236889946
13849092270
15237789108
lile-001
13253008192
18736571376
zhuhongyang
13938951102
13707670560
15537909559
18639330422
15138904034
shizhengyang
13849720696
13781532728
13938683731
18637915818
zhaowei
13323758298
13837291697
18203760468
15538491114
18037605675
15003858076
15537912438
18736139951
18239788183
13849261530
15517409063
15936463245
13503442228
15993887351
15617998900
18639703265
13733121380
zhenghao
15670405819
15837278099
18238575375
13137403292
15839074735
13137746463
13271436768
18537247628
13526033032
13683939817
13223941218
fengdazhi
15836142635
13839203465
15503923297
13027515571
13525716068
18240728667
wangruifei
zhaoruiping
zhangjiajia-001
liulixia
liudong
shilei
13608676136
13939989086
13409414622
zhangdongjie
zhangbin-002
qingang
13033937772
15226158526
fengguitong
15993535729
15716384249
13148092058
majiwei
lifang
chenchaoshuai
13837755672
13949545846
15238100986
15039958952
18336433910
zhangxue-001
15670588866
zhangyuanyuan-002
guohuimin-001
13782693186
15638983228
wangxiaowei
13569182255
15518899775
13837536693
zhangxiaoqin
15303946048
13782663096
13569322520
18703869690
13503889482
wuxiaohan
15837406384
13507663429
18567170099
18637210855
13525065471
18539918896
liucaiqin
15093519897
15090068973
13513722180
liuyuanyuan
13243369730
yangmeng
15839220942
13137437282
lipei-003
13526683840
15303739021
13683852149
13838179761
13273706982
13419903322
13723215212
15083276657
15137020375
13569117330
13663011910
15737540156
13613901962
18736686072
jinlingling
qiuzheng-001
18338857236
13525854608
15137895595
18737033445
13676970679
13849776137
15290627848
15090147085
libin-001
13837982805
15837740214
18790868209
13939502767
13271016656
chenjun
13949300215
15838244133
13462527775
15637052820
18336961992
15836499883
liuxiandang
18749897119
13782293952
13569393843
18539005208
15936372228
15617279390
15239363987
13525073310
15538003267
13837395212
jiangwei
18790202595
15037371269
15517051603
18037611912
15503720388
15937037352
13673338201
15138206968
13663038224
18639290976
13523110635
13663947966
13837673667
15138446838
13525719879
gaoyanli
wangxiaowei-001
15617063561
13939984996
13271039889
songshuguo
18638752668
18567042332
madandan
13674913291
lixiangfeng
15565009137
15836873339
15290017000
13569144422
18338600383
13148216465
13598917817
15539878251
liuyuanyuan-001
15238574610
18736826289
zhaoyanmei
15137091751
18738316817
18738189165
13137030817
13783770922
15239444909
15837751608
18137011029
huangyujuan
chenshuang
13849729675
13283000709
15537740402
13838750277
libingqiang
15649995721
13592376723
zhoulijun
15837062358
15038864551
jiaodongliang
zhangguiqin
15890475799
18738928881
zhaowenyan
gaofangxia
15937200848
guoting-001
13419958381
shangbin
15225980220
13603407235
15903854875
15890316949
13569894132
18037726638
zhangjing
duweili
15137135000
chenxiaobin
15893036303
15893592814
fenghuimin
13565971522
15639467860
15937384667
18239953505
13938230168
18626360596
13849607966
13663833767
15037778568
shenxiaodong
15225078826
15993387115
13213685589
13781079165
lihaixia-002
13781062680
15290052388
15909681507
15936081687
pds-yexian01
15137097014
13837282837
15938682963
13503886974
13419892637
15137616738
wangyange
15136081811
15637586099
13782585930
zhangyuxia-002
13937870736
13673341136
wangwendong
15603985263
zhanglijun-001
chengwenjiang
lijianqing
13526697461
13849259900
13949955873
15137201299
15729256669
15936886177
18625683311
13782011163
18738502470
15539136053
liubaisheng
suruina
15062179800
15237517330
18638951116
wangzhenkun
13148060403
15136050528
jiangshasha
13781773099
13323831380
18336677225
18903957806
13673790081
15839335630
lijing-001
zhuoyue
18937767731
13949727619
13783930698
tuerling
13949471294
13592572471
15637936210
15893354971
13525970898
18736156590
13525728108
wangshuzhong
13462596993
mashuai
13783603224
18211806589
15838920308
zhangliying
yiwei
15993380977
13592107971
13937793990
15538567934
18339837862
18238910022
15138234593
18639572336
songyuanhong
15936926259
13592608215
15601902798
wangfang
duanpengfei
13693778449
13838267129
13513943558
13273734595
18224570581
zhangyan-001
cuiguixia
13837223066
13203899811
13507680910
15938394366
13525911968
18738506608
13849974236
13937220835
wangfu
18039255508
15938887328
13703458695
15225067978
limuzheng
youxuewei
wanghongyuan
13653978906
13939700344
13333764822
15518607716
15890752580
15565647114
15637341221
zhouhui
13598150737
15137674851
13213275105
15838183634
lilulu
13525255802
liujie-001
13525948402
15238619875
15103793260
18625977329
liyake
15225520610
renxiaoning
13849113918
13298105150
13782074373
18348074955
13592698947
zhaoyanhong
18737690651
15839890863
liqina
13503983285
zhaowanwei
13525973608
huxiaoyun
13837894937
13462787195
15138060871
18903738451
13213871888
wangyizhu
13949466676
15036408006
danghuajie
13938523990
liuxuanwei
liujiumei
jinyanmin
wangrenzhi
15893539530
wangsixi
zhaohuihui
qiujixin
13723222215
15890119311
15617187780
18736633630
baiyun
13525735219
15518323010
huanghufeng
15238111828
15038767360
apptest
zhangyuxia-001
15083204258
18037605685
13140011025
hanxuesong
13613905273
13243072561
13461700032
13603407839
13592514488
15838907600
getao
18749629093
13403787552
13598864049
15239301554
18338003699
18539453652
15637243697
15993781758
18063413018
15136128185
13781165120
jiyanbing
huheting
13838616042
huanglu
13938712968
13526526714
13393968682
13837597857
15838899143
15938808060
13849256789
13939479302
13123751626
15039056821
13633710175
xiaobin
15837626153
xujian
15003979308
sujunpeng
15038430555
15093377450
13938567356
zhuguanghui
13733841697
18603861395
15939650775
13569193827
15090091881
13949278823
13938553956
15239196760
13523626906
15713795257
18037758598
15936312314
13271263528
15893111255
xx-yinyun01
15083256865
lilei-005
wujing
15936712969
liuhaitao
18737335502
zhanghongxiu
15978581234
mixia
15238772066
lijingxiao
13939033351
liangjingru
18503941123
15838719073
13949730117
13838034372
15237136739
13683800000
18603926686
songmi
13323645850
13939564418
18637139763
15537270963
13569281431
15537260456
18211949744
lihan
15836383237
15903952700
15038675373
15937520295
zhangxiaobo
13849774676
15993056579
liqichao
18137145569
18237135175
18003932978
zhangjingxia
wangbotao
18600211763
13193514566
13781521312
lizhiqiang
15137495500
chenxiaoyan
15037285805
13938582568
zhaoyongjun
15539573050
15993951311
15670458799
15937059597
13838804648
xuting
13903913189
18237079190
18703630623
13598657870
15037076867
heshuaishuai
18939294277
wangweichang
13526448816
13137762448
weishanyu
15936885049
15936208680
15639970911
15993408365
15517967801
18336424709
15137639187
13523522976
13619803697
15637741656
13838170489
15994047368
18739568735
baoxigui
13939373122
18837237966
15537284299
liuyan
18937544667
13598616162
wanghuiping-001
gaochong
18337715511
15716595072
13069396954
13513921692
13283823971
13603793003
13781880662
15139722002
15038583311
15993612432
13203904972
13837218969
18238191677
18303612825
13569373365
15981957750
15886778186
13603414708
13838532629
13938137967
18839382838
15838966910
18537399369
15290872218
18339376380
13592027407
18037605687
15188210929
13103908581
15136528542
13203803938
13343787588
15037753756
18738093568
13700751409
zhuxuetong
13673540180
18538950678
15238909568
15225482980
13598731892
15544352952
18639105241
zhuxiang
13461411773
18237007460
gaoxinbao
13633998193
13461225278
maxuemei
13613775973
13839168971
13781911039
18236299656
15993937858
13569549994
13937023332
18738151837
13213923178
18237910789
15039903188
13273902002
13633771345
13838415123
13233982437
18739960987
18637379048
13839132839
13663015656
18337473212
18236907495
15238389740
15670103663
15303743929
15503771434
13460936199
13703780815
18736950911
18240588870
13603906810
15537716727
13783762559
13569673978
13598327688
15716767327
13938260609
18537933305
15239996761
15138980409
13723013898
15936290576
18736923743
15565480755
18737885850
13462426372
18625741100
13673573459
13503447968
15136525516
15937382961
15237185689
13523462203
18538498828
13837091570
13592507593
13633899441
15037431842
18603897267
18039495956
liuwei
15544028211
15537986898
13781573803
13782880270
lijianfeng
13140033993
15836332597
chenxinxin
18338716519
sunyawei
18638810981
13849142732
15837861959
zhangsong-001
15993141108
13592026618
15937625061
13525685518
15237312747
15688102225
13939354888
13949639842
15518598396
13461682772
18339760300
chongqiuxiang
15037785361
18864680578
18530918645
13373770736
15039486727
13569068626
15236037320
18937815227
15137572689
13837898119
13383835863
13837884562
13949263172
15103783552
13683792586
13939042301
13937783497
13633830742
15203841841
13673931554
15039989479
18737856630
13525766375
shaoyange
13949637881
18703956886
15538588338
15936401298
15637589521
liyuzhou
13803704083
15836147024
13461223388
13103733217
13525833878
15637510685
13949187039
weidan
13938769032
xuexiaobing
15978733844
13949263699
15837412104
13782094309
13783250711
15224971769
18939699896
13213474333
13523015626
15136855893
18336971119
15237428672
18601727930
15837277646
chenyun-001
13653707814
18790284774
13525627822
18738298842
13569888619
18790795841
13603753209
18603877326
18237382825
fangjixiang
13781793568
liweidong
15238652420
13333650306
13323797768
13673398369
13838000673
duqianxi
18037268999
13721426554
15237216041
13419983670
15890634744
zhangliping
18790518245
15839657660
18737316777
13507610889
13525181176
15836095927
15093997197
13938477817
13503728793
15515239401
15565433875
15839384060
15225921267
zhangshuhua
15517981129
liutongchu
13782015233
15938450420
13838363260
15939332384
13613848190
15837872382
18837002699
13462329150
13781018392
15716633974
wangli-001
xingyan
15237313334
yangyan-001
13033751919
13525355662
hansongtao
13781673923
13569804992
15993322918
leigenbo
13418686516
15237407992
15290950315
13783546248
13783450360
15993943613
13303891140
haojinchao
zhizunbao
15238085545
18737236015
18037589952
13783039697
13384062939
tpy2
18339038102
13837328164
15837645516
13303935249
13733807123
13603822277
13273038660
15238612892
15343739839
13782989629
13903885817
15670572299
luohui
lishuai
13525095595
15837779113
15993045435
13525629922
13183117477
15936546474
yaoyinghua
maxiaodi
13937309148
jiaweifeng
13838448188
lichunxia-001
18237502718
liguoqiang
13598437535
18137327909
wangchaonan
13663978193
13419849516
13949761563
13419765126
15539225683
15838500968
15039981281
18538569130
18638686561
zhaoxiaopeng
13623939123
13703470807
18638385651
13663810660
13462780667
15939966101
zhangxinyue
13939930930
pandeng
konglingyan
zhangyucong
zhuyanhong
huangjingya
wangbinjie
13323897065
13937875171
wangchenxuan
15514713599
zhangxinguo
zhanglin
13526164510
jiangyanyan
13693987238
lijing
wangjie
huangxiaojing
guoruili
15803913394
15137365064
gonglimin
13462871951
18236896585
lixiuli
13461713718
fengaihua
lilisha
wanglixin
xiaochangshui
13938306952
13525890217
18736099307
zhengjinxue
yanjianheng
houchenliang
13782947727
chenchen-001
15837196535
13569301201
13523887696
chenghongyan
liuhailong
xutengyu
jinlina
15238399922
13839229870
liusong
13803701655
18537623136
15978721293
13526442683
13783979140
13783633761
15038855591
13938218377
xueyuan
13653889652
15539099796
18637616099
zhangxiaoyan
yuzhigang
mengxiaocai
sunjiyan
chenruiling
18736570746
15639106618
luomin
zhangchunli-001
liangguang
fuwenlong
15037652656
zhangyali
15090331521
chenjianchuang
15503884568
zhangyan
13663973445
18338261203
15837685078
18839817069
13526800813
cuilingjie
13733619543
liyanyan
luweiqing
13461168858
guyanping
15670538887
15343721121
zhangguangchao
13693983693
15836294920
lishujuan
13949649524
liyongge
liqingyuan
zhangyanjie
15936187687
huangwei-001
fuxinjuan
niezheng
18339398585
13603773281
13619861998
13938650408
15835394090
chengqiuju
13523897298
daixufeng
xiongyan-001
malihuan
15938819797
zhangjunfeng
15716664230
chenxiaofeng
13837632563
18538105770
huangke
changqing
15138012446
13592659161
15838543208
13569095686
hewenjie
18838200070
13101738805
yanggaiqing
18623760634
13949433499
caojingfang
xuqifeng
18739577653
13569302752
13839772212
18790198295
13525670752
daichuan
13608633901
daiyanmeng
chengli-001
18625728298
15083032830
15824616477
yangna-001
15290462677
liujing-001
qiuxu-001
wangfeng
wuliying
13137516877
18236136636
haoxinlei
housuzhen
13939155418
liudonghua
gaofang-001
15039870926
wangxiaoyu
18738635188
shaoyinqing
zhangshuai-002
liuyingying
13520560401
13193627909
15836377222
13233933969
15137253080
lichao-004
wanglei-004
15225821575
15090515119
15037734291
chenhuijie
chenxuefeng
13903817304
15516281193
xuang
15836992883
13782970326
13526661515
13513742832
shenhao-001
18103716640
15939076922
15903069071
liupengfei
fanxiaoyan
18238813789
lijun-001
dingxiaoyan
13683951605
15393767617
13193591319
qinan
13569844865
zhangyanfang-001
liuyue
zhangjianling
zhuhedan
liuchuangchuang
chenyuanyuan
yanhongsheng
15836334796
18203938988
13782805446
xiena
18037286881
13939300560
15896644026
13419848364
15938083146
liluwen
15249714077
13193661099
13148046918
13783127987
13569052376
fufengwei
liuyaoming
zhaodandan
baimenglan
caopingping
yanenliang
lifuqian
18736046829
18739397772
wangchunli
15237489938
13639683319
15637371317
hejiaokun
15137960167
15838575076
13569865989
13937872178
13462265048
13700727587
15993331078
18203897758
15936733576
13633748373
15249736683
13333912291
fengzhanhui
likeke
13849164242
chenwan
13949770423
13837810765
15993573316
15037990578
wangluping
15937756072
jiangbin
15537935889
15090572992
13849670907
18736503738
guoxiaolei
13903915127
18790359656
gaochaoyang
13598377319
15637709666
15890543399
lili-002
liuying-001
13103634889
15139300593
18803799808
13598428478
lijingsong
18239175636
15538668775
zhaozihui
18639855937
zhangchi
liujuan
lixiaoli
18339267129
wangshuai
libin-003
15603728564
15239989993
yuansong
louyuanxin
jihui
18238999343
lihongxia-001
13333816972
15203790248
lifangyuan
mateng
13949268228
15936858871
15938986563
15890033933
15937278335
wangyong
15239301508
wangchunfang
15893280125
13603467222
18339483689
13781683813
13837538850
shanghaiyan
zhaobeibei
15836433556
15903900011
13619865501
15993057520
guoling
18239733791
15824880843
13803976470
hanyanhong
wanglu-002
wangshukun
13781679609
15939722680
13592364268
weidongyan
13849517365
13569044131
13461277698
songwenwei
13569089630
13837324028
15036340970
zhouxiaoyan
yanlu
wangjungang
13592619129
shenchunhe
13937235424
13623858377
15836257859
guanjingming
liyang-01
zhouhongyu
18538011363
xiesongfang
wanglifang
15903858185
jiangxinfang
guopeiyun
18939348818
18639170009
13723044180
15836858001
13721878337
13839176075
15836443678
18655168992
13663897164
zhanghuiqin
15939968532
liumengjun
sunjunjie
13838496108
huangfei
15036721489
13838235029
lipei-002
13253302875
15333833270
18939650903
wangjian-001
chenmiao
13633822636
13837046776
18937207178
13346654857
wangboyu
15036395918
15836146055
18239177561
13569108115
zhangcaixia
liuliqing
xuting-001
15224899096
13523842171
13353632051
lili-001
liujia-002
wanghong-001
15239234657
15237147771
13733862278
13839064556
15937383700
bailu
18736765690
15039028318
huafei
18903782134
wanghaitao
13569441982
15839314356
15937137666
xuyuan
13643729896
15838568279
15516617052
maoyanan
18903906567
13839376960
zhaojimin
fengyan
13072603883
15239133025
13213742105
18937886319
13243076623
13937240256
15516963475
13569864181
lvxianglei
15237264965
wangwenhao
zhuxiaozhi
dulei
13703488361
huning
13403991850
15978397197
15038533106
guopei
zhangjing-004
songqian
13613987918
13033727252
15136254577
15239152470
13137223438
13939123686
jiangdongyang
18937708509
15938731389
15565575585
wangyanan
18737736406
13513759412
13849971394
15037794364
13569818602
liulan
13592062095
zhangweiwei
heqi-001
13569149989
13781929235
13683958611
zhushenghua
libaorui
yangchen
niushujie
zhangxin-002
18623757633
jutao
15517946048
18937922913
13938899775
15637753687
13938625225
pangwenhua
13523231405
13643818459
13937140950
15837884561
15136907356
15637347527
wanglu
13643915058
15003795133
15090188613
15978586198
18103753590
guanzhongyan
13460031758
13461918307
13462457404
18037089100
15993792033
15836089576
15516498993
15879164740
wanzhenhua
15036019687
pangjukui
18237301255
15658816260
15226185077
18039126568
15903030380
15238232632
13598741012
13526623539
zhangjialin
ligang
13608636034
13938301625
15936125317
13253925822
13937481850
15137821898
13525516181
kaiyangyang
liuzhanfu
15225285877
licaiyu
18538983987
wuxianguang
15136379284
18637713344
13083677651
13633947570
15138452364
13598733557
15237317440
yanzhiling
13703775501
18638811427
18439057355
18338600186
chenyang
13837138300
15937910243
18039126539
18338932930
tangmeng
15839385517
13419872864
13523633766
15237167062
13839420272
18737150979
huangshangshang
15226143856
jialuyu
13782646080
13703424318
13707644118
15839283743
13849730013
13803734967
15515947602
18695817095
likaihong
wangping
13663995901
13619861198
zhaoyonggang
15138793832
15037889450
15565470073
15237950828
13598226887
13526907539
18538850024
13643712028
15236037146
weisuping
15993793895
13033781978
15993818897
13619874914
15978699640
lushiji
mali-001
15993586408
13783076300
18739470566
13838236944
18639273335
13782479222
13503870740
13783236885
15192513393
15514765538
13523763888
13298170788
18738200608
13837280108
xiejiayang
13949663111
13633898087
18739829935
15839884136
13273069562
18736695199
15138607562
15038734380
13663067169
15298099185
13569243721
shangtiesheng
15890127060
15729035335
15649997709
13782182610
13663048925
18103989712
13193532448
15936136759
13523621085
18739485720
15136782256
yefujun
zhouzhengwei
13462277738
zhangruina
wushaokui
hanfengyun
13781958522
xuguosen
13837552806
18338371127
13663878212
fengbin
13939193206
13937709565
13639688610
13503914754
15188586668
13949287537
13673690246
15516987713
18203859782
guoweifeng
18503813032
13633911970
13603730548
15137707778
13353767286
yuanshike
13592204190
maming
13569806736
15039842270
suncheng
15737613783
zhangxu
guanjun
13693753358
15225662150
18749068982
15993998159
15837373960
13693885529
zhangtingting-001
13460684729
15225159768
13569634030
15093651290
15294857394
15294685411
18238099450
15836759826
18538563651
maqingdang
15516136886
15093906120
15896884750
13623964111
18937799566
13938525618
fushixin
13193970506
15039773268
13503417689
13673069958
15688114267
15938865058
15093413263
13653919928
yuyang
13290705291
15738076838
13262079771
18667111321
lihaopeng
15225140833
13939645699
15093666918
13283843122
zhaoyu-001
13598702620
13243015229
13939895590
13253942518
15639181898
wangcong
13937502585
13949868762
18239373186
liucaihong
13781723373
13903787009
15838139853
chenheng
13839833745
13849241894
13603761646
18387735335
15236838900
15236882698
18237709518
shsj
18272789567
13303779280
13273020091
13703908197
13462536709
18639791089
18438818811
13213768375
xiaomingyu
15938037175
15090141189
zhaoruihuan
13071738785
liquanli
tangxiaohui
15738559899
15638996665
13839738980
13015508565
15938494504
13608674410
15603776193
15539322923
15893650700
wangxu-001
15839293195
lihuiting
tpy4
zuoyi
13782798526
15939418858
13643984682
13213522854
yaoyongxian
15286952937
13949680248
liziyue
wangzongrui
15037080337
15517161870
jianhaitao
13937564520
15637713912
15516588344
15238665158
18239652638
zuobin
15639380121
wanglanyun
13513922568
15737180168
13703458971
13460912318
18749929761
15286964184
15518878775
18736867525
15083406240
13140000638
18838152779
18638844786
13460737317
18625657387
15518158261
zhoujinti
15039137513
15039870762
18339407698
13663022545
15938048194
18736868129
liubaoshen
13939986559
13030326568
13782187409
15839530585
15936616897
15836440671
15937355460
13839096448
haibei
13782047157
13643886233
13781195024
18639861508
13949357733
mahuiqi
liangfenfen
14523145527
13838251628
18339252998
15993305285
13607614824
15839233373
konglingsen
cuichunxia
13849388448
liuhouquan
13592133719
18238186291
13460699718
songxuekai
13007682217
15515213688
13803709023
18697743331
13663767389
13782510194
13460159577
13838137620
13903870599
15538376209
18736645520
13937658062
18739783676
13462875597
15090463539
18537122608
maxiyi
15893266330
13839066101
13837304482
13623981759
15838475762
18839940006
liqiang-001
18437351681
13839982207
15737758813
18838123797
15538382978
13137277745
13838508463
15037258235
13598553128
18337742165
15803726335
15639777869
13461546427
13598250070
13273805328
13503467458
13937641070
18939256109
13643702385
13523155659
15203878159
13461912157
13837009204
13409467772
13937176105
18236609827
13526052174
15137011016
15893980939
qiuhaitao
13323905550
15036666115
18937141911
15638369785
15203838789
13383872783
13343724959
15539251133
niudechao
15039766985
13949729619
changxiaohong
fanlin
15565000074
13271087772
15886788918
xiaya
15236671315
15993084801
15838852425
18639107219
13949836789
18537375856
13849861960
13803735509
18625355525
13526241779
13239961886
13137622207
tvhd
15343794067
liujia-003
13523260509
18638825517
18236954568
liulei
15937206858
13837116284
13949292538
13783232903
18037756533
13939762820
13403929996
15939343844
13569177287
15838439386
13837810218
18737751362
15639310582
15225857664
18239397395
15649574285
18937667211
lizhiqiang-001
fengshuai
13782486849
15037308550
13673702890
13525313632
13782855467
15836803322
13939596225
18638486121
18336872629
13525064516
13839417019
13783095479
18238369078
18937726911
13183222896
15036670580
15518637993
18239655823
15518212121
13816246346
xuling
15603791177
15333972100
13653844259
15836321889
13419983339
15090677224
15937601379
18937415279
15937413388
15037368338
15537351809
13462276389
15738305521
15038204268
13782687848
13781346786
13849941206
15539738369
13213906226
13703499302
15538900552
13673797981
15713877795
18903906761
luhaizhou
13938653544
zhanghan-001
13733120340
15136858156
13721731349
13903877727
15139381188
15837287291
15343935057
15239599611
15137557128
13782049504
15936770568
15236698518
15136949613
15090269272
13592138133
13333933326
guohanjun
songzheng
15039175588
15890258898
15139506271
15839168602
13837191359
13030329007
13849402867
18749499591
18438487333
13303794646
15839348629
15137453687
13937755032
zhengye
13703419464
15836297116
18737319063
18530552789
15518859444
15637965635
13283722841
15839695543
13525293899
13513947099
zhangge
13513919965
13937276135
13937964034
13639800196
13837896590
13837690664
13781861659
18037605679
15515064995
15617088697
zhengxiangyang
18736179826
13525285955
15544288358
13069422524
15236166050
15936684805
15836937803
15938995051
13903974275
13938954709
zhangjinying
15981852893
15090110722
13183163965
18537312115
13849137218
13623872643
13939577451
15238528890
13569934865
18503720575
18238582787
13071776623
13723171479
13653950563
13598623233
13523487105
18336586484
13213927051
13949604106
18238521405
15936581456
weishuo
15890135966
13409423816
18236293725
13949479078
13462241112
13569976817
15936544420
13592603136
15937308763
18539638967
18637235917
15737897431
15896779775
15838243616
15039559496
wangxin-001
18137605135
13839312727
13462707799
18639604655
13937770101
18236287336
15837653311
15937354140
15936501845
13707625770
13663049797
15236272679
13839917199
13939284456
13837649297
18638762288
15515131903
zhaozhengang
13782215156
wangdan
13838891202
13783131148
13569164694
15896800556
15994043989
18237153058
18625502268
18568222508
13525669197
13503873566
13525379717
13592295231
18937922221
15937883792
18238877609
yueru
13503797422
18639372577
15893921187
fanxitao
13598024156
13592290299
18625678153
zhangdongfang
15903079859
13837268413
15837596279
15343803336
18568200761
15036656166
13937213175
15515623743
18790227129
zongqiqi
mashuhua
15836652599
13783381577
18003724595
weixuyang
13939150583
13253089215
13525198016
13103701037
15857720677
13460003315
tangfang
13253700188
13849719169
15238571369
zhuyaoling
13837161819
18637943145
13838516003
13569023836
13503937426
13333970303
15939979288
weiqingrui
18272929399
15637303098
weiyanbing
13460479088
15346253858
13633850220
zhaochao-001
13653750022
18937527664
15236391688
lifang-001
lilina-002
fengyanli
tianxiangli-001
zhangxuepeng
wangpeng
13273044822
siyanan
13939048389
15090433203
18739240918
15839897012
13083802129
18637841411
13203920455
linping
machao
13017609601
13653799228
zhoushentao
15937391150
13592212243
zhangsijing
13837862220
13462569298
13569516287
18749001970
13137834669
13783408313
13938508059
13271387626
18134444540
15137101377
13939863063
15839565199
13839527678
13663957886
13346875799
13838816457
18339763075
15537058830
13939162664
13837347201
15993780178
13409337812
13461239915
15837558511
15239025168
15803795129
13723166005
13460685213
13513768865
13782917523
13782917523